pathway	num_genes	CAL	DFHCC	DFHCC2	EXPO	GSE25066	GSE32646	GSE58644	IRB	MAINZ	MAQC2	METABRIC	PNC	STK	STNO2	TRANSBIG	UNC4	UNT	UPP
AAANWWTGC_UNKNOWN	193	0.22	0.08	0.02	0.1	0.02	0.18	0.05	0	0.29	0.01	0.07	0.02	0.09	0.05	0.5	0.4	0	0
AAAYRNCTG_UNKNOWN	374	0.25	0.01	0.06	0.02	0.02	0.09	0	0.06	0	0.04	0	0.05	0.01	0.29	0	0.25	0.03	0
AAAYWAACM_V$HFH4_01	254	0.08	0.08	0.05	0.08	0	0.01	0.09	0.03	0.02	0.06	0.05	0.02	0	0.14	0.09	0.23	0.12	0.09
AACWWCAANK_UNKNOWN	142	0.38	0.11	0.18	0.14	0.33	0.15	0.16	0.37	0.14	0.14	0.01	0.22	0.17	0.15	0.34	0.37	0.04	0.05
AAGWWRNYGGC_UNKNOWN	119	0.34	0.12	0.25	0.3	0.32	NA	0.27	0.14	NA	0.33	0.11	0.18	0.4	0.13	NA	0.29	0.21	0.24
ACAWNRNSRCGG_UNKNOWN	63	0.42	0.17	NA	0.33	0.21	0.49	0.24	0.19	0.43	0.28	0.27	0.22	NA	0.15	0.4	0.35	0.34	0.16
ACAWYAAAG_UNKNOWN	103	0.35	NA	0.14	0.22	0.56	0.07	0.3	0.29	0.27	0.19	0.41	NA	0.14	0.23	0.2	0.1	0.28	NA
ACCTGTTG_UNKNOWN	154	0.14	NA	0.26	0.16	0.1	0.24	0.26	NA	0.14	0.41	NA	0.51	0.45	0.1	0.4	0.24	0.16	0.35
ACTWSNACTNY_UNKNOWN	103	0.48	0.31	0.06	0.27	0.08	0.15	0.06	NA	NA	0.47	0.15	0.1	0.12	0.33	NA	0.2	0.19	0.22
AGCYRWTTC_UNKNOWN	122	0.09	0.18	0.36	0.06	0.06	0.1	0.06	0.21	0.01	0.04	0.1	0.38	0.28	0.41	0	0.26	0.5	0.14
ARGGGTTAA_UNKNOWN	121	0.06	0.39	0.52	0.47	0.42	NA	0.3	0.46	0.33	0.06	0.44	0.17	NA	0.24	0.03	0.38	0.33	0.34
ATCMNTCCGY_UNKNOWN	51	0.27	0.13	0.02	0.05	0	0.39	0.05	0	0.15	0.11	0	0.05	0.05	0.45	NA	0.26	0.09	0.03
ATGGYGGA_UNKNOWN	102	0.24	0.12	0.22	0.22	0.05	NA	0.13	NA	0.44	0.01	0.04	0.05	NA	0.41	0.07	0.05	0.16	0.21
CAGNYGKNAAA_UNKNOWN	75	0.16	0.42	0.32	0.13	0.25	0.03	0.23	NA	0.06	0.27	0.1	0.03	0.14	0.01	NA	0.51	0.02	0.09
CATRRAGC_UNKNOWN	138	0.01	0.52	0.38	0.2	0.43	NA	0.33	0.26	0.44	0.35	0.09	0.19	NA	0.32	0.09	0.11	0.2	0.16
CATTGTYY_V$SOX9_B1	358	0.17	0.01	0.24	0.15	0.25	NA	0.19	0.16	0.2	0.32	NA	0.46	0.28	0.22	0.1	0.15	0.36	0.18
CCANNAGRKGGC_UNKNOWN	117	0.31	0.45	0.33	0.06	0	0.27	0.41	NA	0.11	0.27	0.04	0.02	0.35	0.08	0	0.15	0.29	0.01
CCAWWNAAGG_V$SRF_Q4	87	0.06	0.01	0.08	0.16	0.04	0.21	0.17	0.01	NA	0.4	0.09	0.1	0.08	0.42	0.11	0.42	0.25	0.33
CCAWYNNGAAR_UNKNOWN	145	0.03	0.01	0.21	0.11	0	0.07	0.07	0.22	0	0.04	0.08	0.01	0	0.24	0.02	0.14	0.08	0.01
CCCNNGGGAR_V$OLF1_01	320	0.16	0.04	0.26	0.28	0.05	0.23	0.3	0.07	0.39	0.14	0.39	0.16	NA	0.2	0.39	0.44	0.17	0.36
CCGNMNNTNACG_UNKNOWN	77	0.16	0.03	0.05	0.01	0	0.1	0.34	0.1	0.04	0.04	0.09	0.1	0.05	0.41	0.15	0.01	0.09	0
CCTNTMAGA_UNKNOWN	127	0.11	0.11	0.14	0.2	0.26	0.24	0.15	0.14	NA	0.26	0.42	0.13	0.44	0.37	0.1	0.3	0.31	0.38
CGGAARNGGCNG_UNKNOWN	51	0.46	0.2	0.04	0.18	0.2	0.26	0.13	0.19	0.23	NA	0.22	0.34	0.38	0.1	0.27	0.36	0.12	0.26
CGTSACG_V$PAX3_B	148	0.07	NA	0.38	0.2	0.28	0.33	0.32	NA	NA	0.28	NA	0.26	0.41	0.48	NA	0.35	0.41	0.29
CTCNANGTGNY_UNKNOWN	91	0.5	NA	0.3	0.21	0.02	NA	0.03	0.23	NA	0.02	NA	0.3	0.44	0.15	NA	0.48	0.41	0.33
CTGRYYYNATT_UNKNOWN	72	0.29	NA	NA	0.13	0.05	NA	0.14	0.21	NA	0	0.23	0.22	0.47	0.14	0.01	0.24	0.45	0.26
CTGYNNCTYTAA_UNKNOWN	84	0.04	0.35	0.29	NA	NA	0.49	0.21	0.46	0.4	0.26	NA	0.33	0.5	0.17	0.34	0.08	NA	0.61
CYTAGCAAY_UNKNOWN	147	0.04	NA	0.38	0.29	0.32	0.2	0.06	0.47	0.01	0.25	0.06	0.14	0.15	0.39	0.01	0.03	0.3	0.02
GAANYNYGACNY_UNKNOWN	75	0.19	NA	0.22	0.07	NA	0.01	0.19	0.12	0.17	NA	0.12	0.37	NA	0.44	0.17	0.34	0.15	0.31
GATAAGR_V$GATA_C	295	0.11	0.46	0.21	0.07	0.23	0.31	0.54	0.33	0.21	0.03	0.3	0.2	0.29	0.22	0.37	0.12	0.26	0.29
GATGKMRGCG_UNKNOWN	65	0.36	0.08	0.3	0.2	0.4	0.44	0.06	0.04	NA	0.27	0.34	0.22	0.21	0.06	0.11	0.3	0.25	0.3
GCCATNTTG_V$YY1_Q6	427	0.42	0.08	0.16	0.11	0.03	0.14	0.14	NA	0.05	0.08	0.11	0.08	0.07	0.27	0.05	0.1	0.13	0.01
GCCNNNWTAAR_UNKNOWN	149	0.48	0.01	0.07	0.06	0.08	0.43	0.34	0.02	0.15	0	0.08	0.14	0.19	0.27	0.24	0.23	0.06	0.03
GCGNNANTTCC_UNKNOWN	123	0.33	0.43	0.1	0.1	0.01	0.3	0.29	0.2	0.12	0.36	0.2	0.08	0.04	0.17	0.05	0.42	0.26	0
GCGSCMNTTT_UNKNOWN	69	0.43	0.13	0.2	0.03	0.24	NA	0.12	0.24	0.47	0.25	0.05	0.14	0.11	0.12	0.08	0.14	0.01	0.21
GCTNWTTGK_UNKNOWN	306	0.13	0.05	0.35	0.11	0.06	0.36	0.2	0.01	0.03	0.02	0.32	0.53	0.07	0.18	0.02	0.27	0.05	0.01
GGAANCGGAANY_UNKNOWN	106	0.28	NA	0.05	0.05	0	0.04	0.26	0.15	0.09	0	0.02	0.08	0.03	0.07	0.1	0.3	0.05	0
GGARNTKYCCA_UNKNOWN	78	0.29	0.2	0.11	0.45	0.23	NA	0.26	NA	0.53	0.29	NA	0.15	NA	0.21	0.26	0.5	0.4	0.54
GGCKCATGS_UNKNOWN	66	0.38	NA	0.2	0.32	NA	NA	0.17	NA	0.17	0.29	0.39	0.36	0.34	0.05	0.44	0.38	0.15	0.12
GGCNKCCATNK_UNKNOWN	118	0.19	NA	0.16	0.18	0.07	0.29	NA	0.3	0.51	0.02	NA	NA	0.08	0.21	0.01	0.04	0.53	0.13
GGCNRNWCTTYS_UNKNOWN	83	0.51	0.24	0.12	0.11	0.22	0.4	NA	0.16	0.45	NA	NA	0.35	NA	0.28	0.13	0.4	0.42	NA
GGGNRMNNYCAT_UNKNOWN	82	0.36	0.24	0.36	0.31	0.28	0.25	0.14	0.28	0.04	0.23	0.11	0.21	0.39	0.43	0.17	0.34	0.15	0.4
GTCNYYATGR_UNKNOWN	111	0.21	0.4	0.25	0.45	NA	0.21	0.3	NA	0.13	0.36	0.17	0.25	0.32	0.26	NA	0.13	0.3	NA
GTGGGTGK_UNKNOWN	293	0.51	0.07	0.2	0.12	0.02	0.52	0.34	0.16	0.01	0.02	0.1	0.05	0.04	0.21	0	0.34	0.09	0.41
GTTRYCATRR_UNKNOWN	172	0.03	NA	0.36	0.04	NA	NA	NA	NA	NA	0.18	0.48	0.37	0.22	0.1	0.16	0.3	0.5	0.22
KCCGNSWTTT_UNKNOWN	105	0.32	NA	0.4	0.34	0.13	0.26	NA	NA	0.28	0.07	0.47	0.52	0.4	0.19	0.08	0.37	0.52	NA
KMCATNNWGGA_UNKNOWN	90	0.44	0.29	0.13	0.22	NA	0.35	0.13	0.48	0.17	0.13	0.46	0.32	0.25	0.24	NA	0.13	NA	NA
KTGGYRSGAA_UNKNOWN	76	0.17	0.01	0.03	0.02	0	0.04	0	0	0	0.01	0	0.01	0	0.01	0.01	0.43	0	0
RAAGNYNNCTTY_UNKNOWN	145	0.45	NA	0.34	0.18	0.21	0.17	0.03	0.41	0.36	0.25	NA	0.47	0.54	0.38	NA	0.33	0.07	0.29
RACCACAR_V$AML_Q6	261	0	0.36	0.3	0.47	0.33	0.26	0.3	NA	0.34	NA	NA	0.26	0.53	0.22	0.59	0.26	0.27	0.28
RACTNNRTTTNC_UNKNOWN	123	0.34	0.14	0.04	0.08	0.31	0.32	0.1	NA	0.38	0.11	0.16	0.13	0.05	0.16	NA	0.11	0.04	0.07
RGAANNTTC_V$HSF1_01	446	0.31	NA	0.17	0	0.29	0.03	0.27	0.03	0.19	0.16	0.05	NA	0.13	0.08	0.07	0.13	NA	0.25
RRAGTTGT_UNKNOWN	251	0.41	NA	0.06	NA	0.29	NA	0.01	0.18	0.08	0.24	0.09	0.24	0.08	0.35	0.23	0.4	0.03	0.24
RRCCGTTA_UNKNOWN	87	0.49	0	0.05	0	0	0.31	0.07	0	0.01	0	0.03	0.04	0	0.04	0	0.42	0.01	0
RTTTNNNYTGGM_UNKNOWN	153	0.24	0.13	0.02	0.27	0	0.22	0	0.16	0.06	0	0.23	0.19	0.17	0.01	0.07	0.07	0.09	0.23
RYTGCNWTGGNR_UNKNOWN	116	0.01	NA	0.4	0.09	0.38	0.42	0.33	NA	0.22	0.32	NA	0.35	NA	0.35	0.2	0.27	NA	NA
SMTTTTGT_UNKNOWN	402	0.39	0.24	0.35	0.44	0.29	NA	0.34	0.26	0.11	NA	0.46	NA	0.46	0.1	0.18	0.05	0.29	NA
STTTCRNTTT_V$IRF_Q6	188	0.33	0.15	0.09	0.13	0.12	NA	0.03	0.13	0.13	0.25	0.15	0.06	0.09	0.03	0.05	0.36	0.29	0.14
SYATTGTG_UNKNOWN	235	0.36	NA	NA	0.37	0.13	0.4	0.18	0.22	NA	0.41	0.26	NA	NA	0.1	NA	0.42	0.2	0.48
TAANNYSGCG_UNKNOWN	80	0.42	NA	0.26	0.27	0.27	0.19	0.11	NA	0.18	0.18	0.34	0.35	0.37	0.28	0.37	0.08	0.29	0.25
TAAYNRNNTCC_UNKNOWN	172	0.12	0.14	0.09	0.19	0.02	0.08	0.11	NA	0.14	0.08	0.53	0	0.12	0.44	0.06	0.25	0.17	0.21
TCCATTKW_UNKNOWN	239	0.35	NA	0.2	0.08	0.36	0.01	0.06	0.21	0.15	0.15	0.17	0.39	0.08	0.28	0.22	0.46	0.32	0.22
TCCCRNNRTGC_UNKNOWN	213	0.42	0.02	0.01	0.09	0.01	0.08	0.02	0.17	0	0.28	0.03	0.04	0.08	0.15	0.02	0.46	0.21	0.01
TGACCTTG_V$SF1_Q6	249	0.15	0.09	0.07	0.27	0.14	0.04	0.07	0.03	0.04	0.26	0.19	0.17	0.02	0.25	0.16	0.04	0.11	0.41
TGACGTCA_V$ATF3_Q6	231	0.43	NA	0.15	0.04	0.16	0.06	0.31	0.16	NA	0.13	0.23	0.08	NA	0.27	0.13	0.21	0.25	0.11
TGASTMAGC_V$NFE2_01	195	0.21	NA	0.12	0.59	0.27	NA	0.05	0.04	0.02	0.34	0.12	0.16	NA	0.04	NA	0.29	0.13	NA
TGATTTRY_V$GFI1_01	294	0.17	0.45	0.01	0.01	0.06	0.15	0.02	0.1	0.13	0	0.06	0.03	0.02	0.4	0.04	0.16	0	0.02
TMTCGCGANR_UNKNOWN	160	0.43	NA	0.08	0.06	0.04	NA	0.23	0.2	NA	0.13	0.11	0.09	NA	0.12	NA	0.01	0.15	0.06
TNCATNTCCYR_UNKNOWN	131	0.29	NA	0.38	0.22	NA	0.26	0.32	NA	0.22	0.27	0.29	NA	0.14	0.34	0.36	0.17	0.19	NA
TTANWNANTGGM_UNKNOWN	65	0.37	0.11	0.11	NA	0.23	0.38	0.02	NA	0.47	0.01	0.26	0.52	0.27	0.02	0.17	0.31	0.24	0.18
TTAYRTAA_V$E4BP4_01	265	0.07	0.15	0.2	0.13	0.09	0.24	0.01	0	0.06	0.19	0.08	0.02	0	0.43	0.05	0.36	0.01	0.17
TTCYRGAA_UNKNOWN	326	0.31	0.02	0.29	0.04	0.04	0.53	0.48	0.01	NA	0.01	0.1	0.17	0.09	0.31	0	0.14	0.31	0
TTGCWCAAY_V$CEBPB_02	63	0.26	0.16	0.24	0.1	0.13	0.36	0.29	0.21	NA	NA	0.03	0.42	NA	0.13	NA	0.47	0.07	0.1
TTTNNANAGCYR_UNKNOWN	133	0.07	NA	0.2	0.21	0.11	0.07	0.05	0.16	0.04	0.09	0.21	0.27	NA	0.21	NA	0.09	0.04	0.27
V$AFP1_Q6	264	0.19	0.12	0.06	0.2	0.17	0.09	0.05	0.02	0.21	0.42	0.18	0.02	0.07	0.32	0.04	0.3	0.13	0.08
V$AHR_01	64	0.18	0.24	0.39	0.31	0.44	0.04	0.35	0.12	0.21	0.31	0.45	0.37	0.28	0.13	0.35	0.22	0.43	NA
V$AHR_Q5	215	0.32	0.06	0.15	0.2	0.08	0.2	0.35	0.17	NA	0.23	0.28	0.2	NA	0.02	NA	0.24	0.24	0.25
V$AHRARNT_01	140	0.01	0.27	0.34	0.56	0.24	NA	0.21	0.32	NA	0.2	NA	0.22	0.44	0.42	0.12	0.48	0.5	0.12
V$AHRARNT_02	15	0.16	0.02	0.2	0.19	0.04	0.08	0.44	0.12	0.31	NA	0.3	NA	0.01	0.37	0.26	0.34	0.02	0.05
V$ALPHACP1_01	260	0.34	0.01	0.06	0.14	0.01	NA	0.09	0.01	0.07	0.08	0.16	0.06	0.01	0.46	0	0.28	0.01	0.02
V$ALX4_01	16	0	0.1	0.24	0.44	0.38	0.24	0.25	0.23	NA	0.04	0.14	0.32	0.51	0.26	0.11	0.23	0.52	0.31
V$AMEF2_Q6	259	0.14	NA	0.11	0.12	0.23	0.33	0.09	0.17	0.15	0.08	0.02	0.02	0.26	0.23	0.18	0.41	0.15	0
V$AML_Q6	266	0.07	NA	NA	0.6	NA	NA	0.49	NA	0.13	0.39	0.26	0.24	NA	0.21	0.19	0.37	0.5	0.27
V$AML1_01	263	0.01	NA	NA	NA	0.4	0.27	0.39	0.37	0.05	0.27	NA	0.36	0.47	0.16	NA	0.01	0.33	0.42
V$AML1_Q6	263	0.01	NA	NA	NA	0.4	0.27	0.39	0.37	0.05	0.27	NA	0.36	0.47	0.16	NA	0.01	0.33	0.42
V$AP1_01	267	0.14	0.3	0.51	0.26	0.2	NA	0.24	NA	0.47	NA	0.3	0.51	0.26	0.01	NA	0.03	0.36	0.31
V$AP1_C	275	0.05	0.42	0.35	0.24	0.41	0.32	0.38	0.4	NA	0.45	0.17	0.44	0.51	0.21	0.06	0.08	0.52	0.24
V$AP1_Q2	265	0.42	0.29	0.24	0.24	0.22	NA	0.36	0.21	0.37	0.05	0.09	0.46	0.5	0.3	0.02	0.27	0.14	0.21
V$AP1_Q2_01	275	0.28	0.32	0.39	0.51	NA	NA	0.34	0.41	0.28	NA	0.44	0.44	0.2	0.29	NA	0.08	0.32	0.53
V$AP1_Q4	271	0.45	NA	0.05	0.34	0.43	NA	0.17	0.04	0.11	0.49	0.09	0.23	NA	0.45	NA	0.39	0.46	0.12
V$AP1_Q4_01	261	0.05	0.29	0.14	0.51	0.27	NA	0.15	NA	NA	0.41	0.15	0.23	0.44	0.41	0.23	0.1	0.25	0.38
V$AP1_Q6	259	0.07	NA	0.36	0.59	0.26	0.31	0.08	0.18	NA	0.5	0.04	0.18	NA	0.33	0.52	0.3	NA	NA
V$AP1_Q6_01	264	0.45	NA	0.1	0.31	NA	0.29	0.07	0.13	0.39	NA	0.1	0.23	0.4	0.45	0.48	0.17	NA	0.4
V$AP1FJ_Q2	268	0.51	NA	0.5	0.44	0.32	NA	0.29	NA	NA	0.05	0.19	0.34	0.52	0.26	0.15	0.08	0.34	0.09
V$AP2_Q3	251	0.11	NA	0.26	0.16	0.33	0.08	0.02	0.07	NA	0.08	0.21	0.13	0.17	0.15	0.49	0.23	0.42	0.09
V$AP2_Q6	258	0.16	0.1	0.1	0.19	0.32	0.11	0.05	0.17	0.44	0.26	0.23	0.11	0.07	0.26	0.02	0.04	0.3	0
V$AP2_Q6_01	272	0.01	NA	0.37	0.51	0.06	0.14	0.04	0.17	0.25	0.19	0.41	0.31	NA	0.17	0.46	0.18	NA	0.07
V$AP2ALPHA_01	241	0.33	NA	0.31	NA	0.26	0.05	0.12	NA	NA	0.15	0.12	NA	NA	0.21	0.49	0.3	0.12	0.19
V$AP2GAMMA_01	250	0.19	NA	0.32	0.33	0.3	NA	0.08	NA	NA	0.42	0.12	0.28	NA	0.2	0.45	0.08	0.17	0.06
V$AP2REP_01	178	0.18	0.19	0.14	0.46	0.02	0.38	0.13	0.17	0.43	0.02	0.17	0.02	NA	0.09	NA	0.23	0.18	0.31
V$AP3_Q6	247	0.19	NA	0.25	0.45	0.12	0.13	0.08	0.1	0.11	0.42	0.27	0.06	0.16	0.09	0.08	0.33	0.11	0.3
V$AP4_01	262	0.26	NA	0.54	0.33	0.18	0.37	0.43	NA	0.21	0.44	0.23	NA	NA	0.14	0.28	0.31	0.41	0.33
V$AP4_Q5	273	0.41	0.1	0.26	0.08	0.25	0.29	0.21	0.43	0.04	0.16	0.05	0.18	0.26	0.29	0.04	0.16	0.15	0.4
V$AP4_Q6	226	0.13	0.03	0.19	0.05	0.36	0.18	0.34	0.07	0.08	0.13	0.18	0.06	0.41	0.11	0	0.03	0.5	0.4
V$AP4_Q6_01	255	0.24	0.25	0.34	0.19	0.28	0.18	0.31	0.4	0.04	0.18	0.55	0.24	NA	NA	NA	0.32	0.46	0.11
V$AR_01	157	0.09	0.14	0.16	0.01	0.16	0.05	0.08	0.2	0.07	0.18	0.32	0.25	NA	0.11	0.01	0.1	0.45	0.09
V$AR_02	40	0.49	0.28	0.11	0.28	0.35	0.02	0.12	0.03	0.04	0.43	NA	0.34	0.12	0.03	0.38	0.28	0.48	0.04
V$AR_03	59	0.41	NA	0.29	0.2	0.45	0.01	0.33	0.18	0.02	0.08	0.27	NA	0.04	0	0.45	0.42	0.49	0.17
V$AR_Q2	125	0.35	0.36	0.15	0.11	0.48	0.24	0.12	0.14	NA	0.14	0.34	0.37	NA	0.31	0.37	0.46	0.29	0.07
V$AR_Q6	259	0.45	0.1	0.2	0.04	0.31	0.41	0.31	0.4	0.04	0.31	0.09	0.3	0.3	0.27	0.22	0.45	0.23	0.3
V$AREB6_01	271	0.19	0.13	0.29	0.1	NA	0.27	0.4	0.46	NA	0.09	0.32	0.51	0.28	NA	0.03	0	0.4	0.29
V$AREB6_02	254	0.03	NA	0.2	0.37	0.27	0.13	0.25	0.15	0.47	0.28	NA	0.54	0.48	0.08	0.12	0.46	0.3	NA
V$AREB6_03	258	0.13	0.04	0.37	0.14	NA	0.43	0.52	0.13	0.38	0.24	0.35	0.06	0.06	0.34	0	0.05	0.37	0.01
V$AREB6_04	252	0.16	0.28	0.03	NA	0.13	0.2	0.09	0.1	0.29	0.21	0.24	0.23	0.09	0.41	0.31	0.5	0.19	0.28
V$ARNT_01	261	0.46	0.13	0.11	0.1	0.01	0.2	0.22	0.2	NA	0.19	0.09	0.05	0.13	0.21	NA	0.34	0.1	0.05
V$ARNT_02	248	0.3	0.01	0.04	0	0.09	0.22	0.05	0.04	0.13	0.11	0.01	0.01	0.09	0.22	0.1	0.33	0.02	0
V$ARP1_01	165	0.1	0.14	0.04	0.26	0.04	0.23	0.26	0	0.03	0.16	0.1	0.11	0.03	0.41	0.03	0.13	0.31	0.06
V$ATF_01	259	0.11	0.14	0.28	0.16	0.29	NA	0.37	0.17	0.39	0.1	0.46	0.29	NA	0.23	0.53	0.15	0.25	0.19
V$ATF_B	187	0.27	0.1	0.07	0.1	0.31	0.14	0.2	0.05	0.44	0.08	NA	0.21	NA	0.44	NA	0.27	0.18	0.33
V$ATF1_Q6	231	0.2	NA	0.41	0.38	0.15	0.29	0.47	NA	NA	0.31	0.43	NA	0.21	0.31	0.02	0.12	0.52	0.18
V$ATF3_Q6	248	0.09	0.04	0.33	NA	NA	0.23	0.22	0.22	NA	NA	0.14	0.43	0.23	0.4	NA	0.23	0.27	NA
V$ATF4_Q2	258	0.25	NA	0.47	0.1	0.03	0.17	0.19	0.14	NA	0.01	NA	0.03	NA	0.14	0.08	0.32	0.25	0.09
V$ATF6_01	123	0.25	0.13	0.16	NA	0.38	0.1	0.24	0.17	0.4	0.03	0.12	0.31	0.07	0.44	0.06	0.09	0.33	0.31
V$BACH1_01	263	0.05	0.38	0.16	NA	0.51	NA	0.11	NA	NA	0.35	0.16	0.37	NA	0.24	0.41	0.4	0.08	NA
V$BACH2_01	271	0.32	0.41	0.34	NA	NA	0.18	0.3	NA	0.26	0.3	NA	0.36	0.47	0.25	NA	0.31	0.39	0.34
V$BRN2_01	237	0.5	0.29	0.24	0.43	NA	0.19	0.06	NA	0.45	0.32	0.22	0.25	0.35	0.51	NA	0.08	0.23	0.18
V$CART1_01	226	0.22	0.26	0.01	0.21	0.12	0.25	0.03	0.06	0.11	0.02	0.13	0.03	0.02	0.18	0.17	0.53	0.09	0.02
V$CDC5_01	256	0.42	0.12	0.09	0.11	0.09	0.27	0.15	0.13	0.38	0.19	0.08	0.01	0.08	0.28	NA	0.03	0.01	0.04
V$CDP_01	92	0.05	0.36	0.12	0.22	0.15	0.33	0.24	0.15	0.14	0.05	0.25	0.13	0.06	0.04	0.01	0.38	0.04	0.24
V$CDP_02	108	0.23	0.39	0.08	0.31	0.4	0.35	0.22	0.46	NA	0.39	0.47	0.32	0.14	0.43	0.26	0.27	0.07	0.19
V$CDPCR1_01	130	0.38	NA	0.11	0.2	0.08	NA	0.45	NA	NA	0.3	0.41	NA	NA	0.27	0.26	0.05	0.19	0.2
V$CDPCR3_01	56	0.27	0.01	0.05	0.18	0.23	0.37	0.22	0.12	0.44	0.07	0.01	0.02	0.05	0.45	0.06	0.35	0.1	NA
V$CDPCR3HD_01	236	0.24	0.34	0.04	0.13	0.06	0.33	0.06	NA	NA	0.26	0.19	0.34	NA	0.27	0.17	0.07	0.22	0.22
V$CDX2_Q5	254	0.24	0.41	0.01	0.06	0.04	0.11	0.03	0.23	0.12	0.04	0.03	0.11	0.13	0.05	0.11	0.42	0	0.04
V$CEBP_01	272	0.02	NA	0.04	0.34	0.07	0.02	0.36	0.41	0.34	0.04	NA	0.13	0.25	0.31	0.57	0.45	0.05	0.17
V$CEBP_C	200	0.05	0.46	0.22	0.3	0.25	0.44	0.13	0.22	0.47	0.36	0.15	0.37	0.16	0.29	0.13	0.26	0.19	0.29
V$CEBP_Q2	234	0	0.17	0.07	0.43	0.08	0.23	0.02	0.1	0.06	0.04	0.18	0.03	NA	0.25	0.25	0.49	0.01	0.35
V$CEBP_Q2_01	267	0.12	0.02	0.2	0.2	0.02	0.24	0.09	0.01	0.02	0.02	0.09	0.02	0.11	0.27	0.05	0.36	0.03	0
V$CEBP_Q3	251	0.12	0.46	0.39	0.43	0.26	NA	0.18	0.38	0.39	0.13	0.19	0.27	0.02	0.34	NA	0.35	0.14	0.43
V$CEBPA_01	244	0.06	NA	0.11	NA	0.26	0.17	0.26	0.15	0	0.21	0.14	0.33	0.19	0.35	0.22	0.24	0.27	0.3
V$CEBPB_01	262	0.05	0.38	0.03	0.25	0.31	NA	0.34	0.19	0.25	0.31	0.16	NA	NA	0.33	NA	0.34	0.49	NA
V$CEBPB_02	258	0.03	0.12	0.2	NA	0.14	0.26	0.01	0.12	0.17	0.24	0.12	0.06	0.43	0.12	0.11	0.37	0.05	0.32
V$CEBPDELTA_Q6	240	0.04	0.24	0.09	0.02	0.22	0.43	0.07	0.13	NA	0	0.13	0.03	0.31	0.12	0.12	0.1	0.26	0.11
V$CEBPGAMMA_Q6	257	0.01	0.33	0.05	0.28	0.09	NA	0.2	NA	0.19	0.04	0.46	0.36	0.08	0.28	NA	0.33	0.18	NA
V$CETS1P54_01	258	0.11	NA	0.07	0.07	0.01	NA	0.19	NA	0.01	0.05	0.01	0.08	0.07	0.14	0.05	0.12	0.02	0
V$CHOP_01	238	0.1	0.03	0.39	0.16	0.22	0.3	0.22	NA	0.48	0.23	0.19	0.09	0.16	0.36	0.31	0.21	0.17	0.31
V$CHX10_01	225	0.16	0.2	0.06	0.09	0	0.4	0.19	0.01	0.25	0.04	0.07	0	0.45	0.53	0.04	0.28	0.07	0.28
V$CIZ_01	246	0.46	NA	0.22	0.15	0.25	0.33	0.2	NA	0.08	0.02	NA	0.05	0.25	0.33	NA	0.33	0.1	0.08
V$CMYB_01	249	0.5	NA	0.23	0.23	0.01	0.58	0.08	0.16	0.53	0.02	0.04	0.15	NA	0.49	NA	0.45	0.25	0.01
V$COMP1_01	115	0.14	NA	0.07	0.21	0.21	0.37	0.16	NA	0.11	0.3	0.07	0	0.13	0.06	0.21	0.55	0.13	0.2
V$COUP_01	263	0.19	NA	0.19	0.32	0.1	0.23	0.45	NA	NA	0.06	0.24	0.06	0.4	0.49	0.37	0.13	0.29	0.34
V$COUP_DR1_Q6	247	0.15	0.4	0.18	0.24	0.12	0.3	0.2	NA	0.23	0.22	0.3	0.06	0.31	0.29	0.25	0.45	0.24	0.35
V$CP2_01	260	0.32	0.17	0.48	0.36	0.22	0.14	0.49	0.38	0.16	0.18	NA	0.31	NA	0.05	0.22	0.16	0.48	0.03
V$CP2_02	253	0.25	NA	0.17	NA	0.24	NA	0.1	0.33	NA	0.49	0.23	0.44	NA	0.41	NA	0.33	NA	0.07
V$CREB_01	262	0.48	0.12	0.09	0.03	0.1	0.06	0.3	0.13	NA	0.11	0.2	0.04	NA	0.29	0.15	0.12	0.18	0.04
V$CREB_02	254	0.41	0.09	0.15	0.19	0.2	0.19	0.4	0.41	NA	0.2	0.45	0.17	0.25	NA	NA	0.05	0.15	0.25
V$CREB_Q2	263	0.15	0.2	0.38	0.22	NA	NA	0.15	NA	0.2	0.19	0.51	0.22	0.34	0.51	NA	0.37	NA	0.4
V$CREB_Q2_01	220	0.26	NA	0.07	0.12	0.14	0.04	0.5	0.35	NA	0.03	NA	0.06	0.13	0.35	NA	0.02	0.27	0.07
V$CREB_Q3	252	0.45	NA	0.32	0.07	0.19	0.03	0.31	0.38	0.16	0.22	0.29	0.32	NA	0.26	0.35	0.17	0.08	NA
V$CREB_Q4	268	0.35	0.29	0.31	0.2	NA	0.23	0.23	0.25	0.15	0.2	NA	0.13	NA	0.45	0.09	0.31	0.18	0.25
V$CREB_Q4_01	211	0.17	NA	0.21	0.18	0.26	0.05	0.33	NA	0.39	0.08	NA	0.07	NA	0.43	NA	0.12	0.25	0.02
V$CREBP1_01	179	0.18	0.06	0.26	0.2	0.1	0.4	0.02	0.01	0.11	0.14	0.09	0.08	0.05	0.27	0.06	0.44	0.1	0.44
V$CREBP1_Q2	254	0.27	0.15	0.29	0.44	0.46	NA	0.2	0.27	0.26	0.34	NA	0.38	0.11	0.42	NA	0.15	0.27	0.55
V$CREBP1CJUN_01	259	0.41	NA	0.24	0.02	0.12	0.07	0.32	0.22	NA	0.16	0.3	0.08	0.37	0.4	0.11	0.25	0.21	0.09
V$CREL_01	256	0.19	NA	NA	0.33	0.32	NA	0.17	NA	0.4	0.35	NA	NA	NA	0.06	NA	0.06	0.15	NA
V$CRX_Q4	269	0.21	NA	0.03	0.03	0.2	0.44	0.21	0.21	0.01	0.1	0.05	0	0.18	0.01	0.25	0	0.04	0.32
V$DBP_Q6	257	0.18	0.26	0	0.01	0.11	0.03	0.05	0.02	NA	0.08	0	0.11	0.14	0.06	0.25	0.3	0.05	0.03
V$DR1_Q3	257	0.14	0.28	0.26	0.11	0.02	0.19	0.24	0.13	NA	0.02	0.17	0.18	0.22	0.28	NA	0.3	0.1	0.13
V$DR3_Q4	145	0.35	0.08	0.26	0.31	0.23	0.39	NA	0.2	0.18	0.27	0.22	0.31	0.53	0.12	0.44	0.26	0.47	0.33
V$DR4_Q2	260	0.41	NA	0.17	0.26	0.33	0.36	0.08	NA	NA	0.28	0.31	0.21	NA	0.39	0.12	0.03	0.29	0.09
V$E12_Q6	262	0.08	0.48	0.4	0.1	0.34	0.45	0.44	NA	0.32	0.13	0.43	0.27	NA	0.09	0.07	0.19	0.42	0.4
V$E2A_Q2	243	0.24	0.15	0.43	0.49	0.16	0.42	0.22	0.44	NA	0.2	NA	0.06	0.35	0.19	NA	0.42	0.25	0.28
V$E2F_01	67	0.17	0	0.01	0	0	0	0	0.01	0.01	0	0	0.02	0.02	0	0	0.27	0	0
V$E2F_02	235	0.45	0	0	0	0	0.04	0.01	0	0	0	0	0.01	0	0.01	0	0.4	0	0
V$E2F_03	245	0.45	0	0.01	0	0	0.04	0	0	0	0	0	0.02	0	0.01	0	0.58	0	0
V$E2F_Q2	176	0.49	0.27	0.4	0.23	NA	0.04	0.27	0.2	NA	0.26	0.14	0.31	0.13	0.15	NA	0.2	0.31	0.32
V$E2F_Q3	227	0.43	0	0	0	0	0.04	0	0	0	0	0	0.01	0	0.03	0	0.21	0	0
V$E2F_Q3_01	235	0.46	0	0.01	0	0	0.02	0	0	0	0	0	0.02	0	0.04	0	0.45	0	0
V$E2F_Q4	234	0.36	0	0	0	0	0.02	0.01	0	0	0	0	0	0	0.02	0	0.27	0	0
V$E2F_Q4_01	237	0.5	0	0.01	0	0	0.03	0.01	0	0	0	0	0.01	0	0.02	0	0.49	0	0
V$E2F_Q6	232	0.5	0	0	0	0	0.02	0	0	0	0	0	0	0	0.03	0	0.41	0	0
V$E2F_Q6_01	240	0.37	0	0.01	0.01	0	0.04	0	0	0	0	0	0.01	0	0.02	0	0.12	0	0
V$E2F1_Q3	244	0.47	0	0	0	0	0.04	0	0	0	0	0	0.01	0	0.03	0	0.38	0	0
V$E2F1_Q3_01	247	0.19	0.04	0.03	0.11	0	NA	0	0.08	0	0.01	0.01	0	0	0.41	0	0.07	0	0
V$E2F1_Q4	244	0.38	0.09	0.02	0.02	0	0.03	0.01	0	0.01	0	0	0.03	0	0.01	0	0.32	0	0
V$E2F1_Q4_01	228	0.43	0	0.01	0	0	0.01	0	0	0	0	0	0.02	0	0.06	0	0.46	0	0
V$E2F1_Q6	232	0.34	0	0	0	0	0.01	0.01	0	0	0	0	0.01	0	0.02	0	0.48	0	0
V$E2F1_Q6_01	238	0.42	0	0.02	0.01	0	0.03	0.01	0	0	0	0	0.01	0	0.04	0	0.49	0	0
V$E2F1DP1_01	235	0.44	0	0	0	0	0.04	0.01	0	0	0	0	0.01	0	0.01	0	0.44	0	0
V$E2F1DP1RB_01	231	0.5	0	0.02	0.01	0	0.06	0.01	0	0	0	0	0.01	0	0.08	0	0.5	0	0
V$E2F1DP2_01	235	0.44	0	0	0	0	0.04	0.01	0	0	0	0	0.01	0	0.01	0	0.44	0	0
V$E2F4DP1_01	239	0.5	0	0	0	0	0.03	0.01	0	0	0	0	0.01	0	0.01	0	0.52	0	0
V$E2F4DP2_01	235	0.44	0	0	0	0	0.04	0.01	0	0	0	0	0.01	0	0.01	0	0.44	0	0
V$E47_01	253	0.15	0.14	0.37	0.32	0.54	0.4	0.31	0.21	0.42	0.31	0.15	0.23	NA	0.25	NA	0.43	0.28	NA
V$E47_02	250	0.13	0.54	0.23	0.28	0.08	0.37	0.35	NA	0.16	0.02	0.6	0.15	0.07	0.25	0.21	0.07	0.24	0.3
V$E4BP4_01	223	0.17	0.06	0.3	0.31	0.17	0.25	0.1	0.06	0.25	0.48	0.31	0	0	0.36	0.44	0.51	0.24	NA
V$E4F1_Q6	289	0.31	0.24	NA	0.18	0.3	0.21	0.15	0.22	0.21	0.13	0.23	0.26	0.3	0.28	NA	0.27	NA	0.26
V$EFC_Q6	268	0.06	0.38	0.52	0.04	NA	NA	NA	0.41	0.05	0.38	0.38	0.34	NA	0.03	0.29	0.3	0.09	0.02
V$EGR_Q6	275	0.31	0.21	0.32	0.5	0.25	NA	0.06	NA	0.18	0.01	0.31	0.51	NA	0.23	0.43	0.42	NA	0.3
V$EGR1_01	269	0.33	0.4	0.34	0.27	0.28	0.12	0.24	NA	0.17	0.17	0.24	NA	0.41	0.15	0.21	0.26	0.48	0.19
V$EGR2_01	199	0.13	0.13	0.25	0.19	0.06	0.07	0.11	0.02	0.04	0.06	0.18	0.03	0.5	0.32	NA	0.08	NA	0.3
V$EGR3_01	86	0.15	0.01	0.1	0.1	0.02	0.08	0.22	0	NA	0.03	0.22	0.01	NA	0.24	NA	0.31	0.32	0.31
V$ELF1_Q6	244	0.08	NA	0.39	NA	NA	0.26	0.13	NA	0.06	NA	0.12	0.16	NA	0.11	0.14	0.14	0.29	0.19
V$ELK1_01	269	0.09	0.15	0.07	0.09	0.07	0.44	0.27	0.45	0.05	0.11	0.16	0.02	0.05	0.35	0.1	0.21	0.09	0.04
V$ELK1_02	248	0.41	0.06	0.05	0.02	0	0.25	0.18	0.14	0.01	0.01	0	0.03	0.02	0.07	0.04	0.07	0.05	0
V$EN1_01	109	0.38	0.19	0.08	0	0.02	0.13	0.01	0.02	0.07	0.09	0.04	0.09	0.08	0.11	0	0.49	0	0.01
V$ER_Q6	276	0.17	0.04	0.34	0.2	0.09	0.21	0.16	0.15	0.22	0.1	0.02	0.27	0.15	0.35	0.04	0.28	0.5	0.24
V$ER_Q6_01	269	0.27	NA	NA	0.03	0.51	NA	0.07	0.14	0.27	NA	0.05	0.04	0.17	0.2	0.09	0.18	0.19	0.02
V$ER_Q6_02	252	0.35	0.1	0.08	0.18	0.02	0.06	0.26	0	0.01	0.27	0	0.1	NA	0.16	0.42	0.4	NA	0.06
V$ERR1_Q2	259	0.27	0.07	0.03	0.18	0.13	0	0.04	0.01	0	0.35	0.07	0.09	0.1	0.31	NA	0.18	NA	0.18
V$ETF_Q6	117	0.35	0.48	0.09	0.37	0.11	0.05	0.37	0.15	0.41	0.19	0.15	0.23	0.1	0.31	NA	0	0.31	0.44
V$ETS_Q4	247	0.08	NA	0.13	0.3	NA	NA	0.12	NA	0.15	0.17	0.1	0.1	0.08	0.41	NA	0.14	0.15	NA
V$ETS1_B	259	0.09	0.38	0.4	NA	0.4	0.25	0.12	0.25	0.14	0.34	0.22	0.22	NA	0.37	0.54	0.13	NA	0.17
V$ETS2_B	274	0.03	0.09	0.26	0.37	0.3	0.03	0.26	0.15	0.12	NA	0.3	0.12	0.47	0.58	0.36	0.22	0.35	0.31
V$EVI1_01	16	0.4	0.3	0.35	0.35	0.46	NA	0.38	0.16	NA	0.24	0.43	0.11	NA	0.29	0.14	0.02	NA	NA
V$EVI1_02	132	0.41	NA	0.24	0.16	0.34	0.43	0.54	NA	0.19	0.23	0.25	0.41	0.16	0.49	0.35	0.24	0.18	NA
V$EVI1_03	57	0.39	0.22	0.08	0.01	0.28	0	0.14	0.22	0.06	0.1	0.04	0	0	0.13	0.17	0.14	0.01	0.08
V$EVI1_04	238	0.53	0.51	0.23	NA	0.17	0.15	0.25	0.37	0.1	0.06	0.1	0.5	0.23	0.35	0.23	0.29	0.01	0.09
V$EVI1_05	172	0.12	NA	0.19	0.02	0.19	0.05	0.09	NA	0.41	0.03	0.04	0.11	0.1	0.34	0.13	0.07	0.02	0.03
V$EVI1_06	22	0.04	0.15	NA	0.43	0.5	NA	0.07	NA	NA	0.09	0.2	0.47	0.33	0.33	0.43	0.3	0.19	0.18
V$FAC1_01	222	0.45	0.09	0.03	0.07	0.05	0.18	0.11	0.05	0.07	0.1	0.04	0.03	0.04	0	0.09	0.4	0.02	0.02
V$FOX_Q2	213	0.1	0.01	0.09	0.27	0.02	0.08	0.06	0.07	0.24	0.03	0.03	0.01	0.04	0.34	0.08	0.45	0	0.04
V$FOXD3_01	199	0.04	0.04	0.07	0.02	0.13	0.04	0.07	0.15	0.19	0.2	0.06	0	0.03	0.06	0.28	0.19	0	0.07
V$FOXJ2_01	184	0.34	NA	0.16	0.1	NA	0.2	0.2	0.53	NA	0.23	NA	NA	0.52	0.15	0.29	0.13	0.03	0.54
V$FOXJ2_02	237	0.36	0.46	0.07	0.08	0.03	0.18	0.01	0.14	0.02	0	0.31	0.05	0.06	0.02	0.15	0.5	0.05	0.03
V$FOXM1_01	246	0.13	NA	0.14	0.4	0.16	0.25	0.47	0.49	0.01	0.03	0.37	0.32	0.17	NA	NA	0.26	0.11	0.24
V$FOXO1_01	245	0.05	0.02	0.06	0.08	0.08	0.12	0.29	0.01	0.17	0.26	0.07	0.12	0.05	0	0.23	0.26	0.02	0.03
V$FOXO1_02	240	0.22	0.37	0.08	0.04	0.2	0.28	0.11	0.01	0.27	0.41	0.05	0.1	0	0.28	0.08	0.22	0.01	0.06
V$FOXO3_01	245	0.03	0.17	0.06	0.06	0.21	0.02	0.01	0	0.08	0.07	0.04	0	0	0.02	0.04	0.36	0.01	0.01
V$FOXO4_01	243	0.26	0.07	0.09	0.19	0	0	0.1	0.11	0.05	0.04	0.2	0.08	0.09	0.27	0.09	0.32	0.01	0.1
V$FOXO4_02	255	0.04	0.08	0.03	0.09	0.01	0.01	0.01	0	0.13	0.01	0.02	0	0	0.04	0.1	0.47	0.01	0.01
V$FREAC2_01	260	0.2	NA	0.25	0.34	0.19	0.15	0.11	0.07	NA	0.28	NA	0.12	0.04	0.04	NA	0.06	0.02	0.09
V$FREAC3_01	251	0.17	NA	0.02	0.23	0.23	0.15	0.07	0.21	0.18	0.02	0.23	0.03	0.15	0.21	0.14	0.39	0.02	0.37
V$FREAC4_01	150	0.17	0	0.16	0.15	0.02	0.04	0.01	0.06	0.07	0.02	0.15	0	0	0.41	0.01	0.09	0	0
V$FREAC7_01	195	0.26	0.39	0.23	0.28	0.21	0.3	0.28	0.19	NA	0.33	0.46	0.2	0.15	0.29	NA	0.3	0	0.31
V$FXR_IR1_Q6	112	0.46	NA	0.24	0.3	0.39	0.11	0.5	NA	0.26	NA	0.45	0.47	0.18	0.18	0.13	0.34	NA	0.28
V$FXR_Q3	116	0.43	0.27	0.14	0.37	0.03	NA	0.19	0.31	0.03	0.03	0.02	0.12	NA	0.32	0.14	0.17	0.25	0.26
V$GABP_B	259	0.3	NA	0	0.02	0.01	0.03	0.03	0.06	0.08	0.05	0.03	0.02	0.03	0.3	0.07	0.07	0.03	0
V$GATA_C	266	0.36	0.22	0.13	0.03	0.14	0.49	0.31	0.12	0.02	0.07	0.14	0.15	0.23	0.07	0.04	0.21	0.1	0.35
V$GATA_Q6	198	0.31	NA	0.39	0.07	0.59	0.35	0.36	NA	0.21	0.31	0.49	0.2	0.34	0.23	0.26	0.06	0.19	0.43
V$GATA1_01	244	0.05	0.24	0.41	NA	0.12	0.12	NA	0.09	NA	0.33	0.14	0.24	0.46	0.45	NA	0.33	0.19	0.43
V$GATA1_02	244	0.11	NA	0.25	0.08	NA	0.13	0.26	0.41	0.12	0.13	0.23	0.35	0.27	0.43	0.32	0.34	0.2	NA
V$GATA1_03	245	0.06	0.19	0.03	0.21	0.34	0.45	0.08	0.07	NA	0.03	0.09	0.3	0.38	0.45	0.29	0.49	0	0.12
V$GATA1_04	245	0.27	0.23	0.05	0.28	0.28	0.48	0.3	0.2	0.31	0.02	0.09	0.2	NA	0.37	NA	0.39	0.1	0.17
V$GATA1_05	283	0.3	NA	0.13	0.1	0.33	0.27	0.1	0.23	0.17	0.01	0.1	0.07	0.3	0.23	0.29	0.32	0.04	0.12
V$GATA2_01	104	0.09	NA	0.41	0.25	NA	0.32	NA	0.39	0.42	0.18	NA	0.14	0.08	0.15	0.07	0.42	NA	0.13
V$GATA3_01	242	0.15	0.06	0.16	0.06	0.17	NA	0.38	0.12	0.25	0.04	0.15	0.19	0.12	0.36	0.17	0.21	0.11	0.23
V$GATA4_Q3	249	0.38	0.51	0.23	0.09	0.39	0.18	0.21	0.24	0.39	0.27	0.29	0.18	0.44	0.28	0.18	0.21	NA	0.49
V$GATA6_01	265	0.33	0.35	0.19	0.01	0.12	0.16	0.18	0.34	0.03	0.05	0.05	0.04	0.38	0.02	0.07	0.19	0.05	0.34
V$GCM_Q2	242	0.19	0.42	0.14	0.49	0.35	0.24	0.36	0.29	0.03	0.19	0.42	0.32	0.38	0.01	NA	0.08	0.38	0.27
V$GFI1_01	262	0.33	0.17	0.05	0.02	0.03	0.13	0	0.01	0.08	0.05	0	0.04	0.02	0.47	0.06	0.03	0.01	0.01
V$GNCF_01	78	0.42	NA	0.25	0.04	0.26	NA	0.24	0.14	NA	0.21	0.18	NA	NA	0.07	NA	0.45	0.16	NA
V$GR_01	204	0.08	0.33	0.41	NA	0.31	0.14	NA	0.41	0.04	NA	NA	0.27	0.21	0.23	0.41	0.44	0.28	0.25
V$GR_Q6	271	0.07	0.28	0.02	NA	0.4	0.23	NA	0.49	0.59	0.16	NA	0.53	0.45	0.19	0.19	0.16	0.13	0.25
V$GR_Q6_01	279	0.26	NA	0.3	0.4	0.26	0.06	0.29	NA	0.16	0.34	0.11	0.28	0.38	0.48	0.42	0.2	NA	0.4
V$GRE_C	126	0.12	NA	0.42	0.07	0.16	0.04	NA	NA	0.55	0.16	0.13	0.3	0.41	0.13	0.06	0.2	0.09	0.07
V$HAND1E47_01	277	0.16	NA	NA	0.19	0.21	0.26	0.38	NA	0.4	0.13	0.37	0.35	NA	0.13	0.09	0.41	0.11	0.31
V$HEB_Q6	265	0.12	0.07	0.32	0.08	0.04	0.21	0.4	0.11	0.03	0.34	0.09	0.03	0.21	0.13	0.01	0.19	0.44	0.19
V$HEN1_01	196	0.21	0.22	0.41	0.08	0.52	0.3	NA	0.37	NA	NA	NA	0.42	0.46	0.24	0.17	0.07	0.23	0.25
V$HEN1_02	198	0.47	0.23	0.17	0.46	0.31	NA	0.1	0.2	0.14	0.38	0.27	0.27	NA	0.09	0.07	0.09	0.28	0.3
V$HFH1_01	243	0.11	0.12	0.2	0.28	0.4	0.08	0.08	0.22	0.3	0.23	0.19	0.05	0.04	0.45	0.42	0.12	0.09	0.25
V$HFH3_01	191	0.05	NA	0.06	0.47	0.15	0	0.1	0.11	0.35	0.03	0.21	0.03	0.33	0.5	NA	0.23	0.06	0.16
V$HFH4_01	200	0.12	0.23	0	0.05	0.14	0.01	0.03	0.21	0.11	0	0.13	0.05	0.06	0.27	0.11	0.26	0.01	0.12
V$HFH8_01	203	0.08	0.14	0.22	0.13	0.24	0.01	0.01	0.36	0.3	0.41	0.07	0.04	0.03	0.11	0.09	0.42	0.01	0.11
V$HIF1_Q3	230	0.22	NA	0.37	0.04	0.02	0.04	0.05	NA	0.03	0.03	0.09	0.07	0.05	0.08	0.14	0.3	0.05	0
V$HIF1_Q5	244	0.33	0.01	0.19	0.02	0	0.02	0.07	0.04	0.01	0.12	0.02	0.01	0.03	0.04	0.04	0.35	0.02	0.02
V$HLF_01	254	0.23	0.14	0.33	NA	0.21	0.12	0.26	0.08	0.11	NA	0.34	0.21	0.05	0.37	NA	0.14	0.07	0.32
V$HMEF2_Q6	138	0.32	0.15	0.01	0.01	0.11	0.33	0.03	0.01	0.1	0.01	0	0.04	0.13	0.21	0	0.22	0.07	0
V$HMGIY_Q6	248	0.3	0.16	0.15	0.46	0.52	0.49	NA	0.23	0.33	0.32	0.19	0.39	NA	0.23	NA	0.41	0.36	0.25
V$HMX1_01	43	0.28	0.28	0.36	0.22	0.36	0.13	NA	NA	0.06	0.07	0.14	NA	NA	0.12	0.02	0.03	0.28	0.22
V$HNF1_01	245	0.01	0.31	0.06	0.02	0.24	0.47	NA	0.35	0.28	0.01	0.09	0.22	0.41	0.25	0.24	0.58	0.12	0.12
V$HNF1_C	243	0.12	0.37	0.04	0.01	0.26	0.01	0.28	0.25	0.27	0	0.07	0.14	0.17	0.2	0.06	0.04	0.03	0.06
V$HNF1_Q6	253	0.03	0.35	0.09	0.02	0.3	0.56	NA	0.4	0.27	0.02	0.06	0.1	0.27	0.18	NA	0.34	0.09	0.09
V$HNF3_Q6	189	0.14	0.37	0.07	0.23	0.04	0.06	0.25	0.11	0.28	0.02	0.11	0.14	0.14	0.5	0.31	0.2	0.02	0.01
V$HNF3ALPHA_Q6	208	0.03	0.11	0.06	0.21	0.02	0.02	0.05	0.03	NA	0.2	0.34	0.16	0.05	0.48	NA	0.09	0.08	0.01
V$HNF3B_01	221	0.18	NA	0.42	0.35	NA	0.1	0.18	NA	NA	0.19	0.27	0.1	0.21	0.31	0.38	0.09	0.04	0.17
V$HNF4_01	269	0.01	NA	0.15	0.07	0.06	0.41	0.22	0.13	0.39	0.14	0.1	0.06	0.44	0.13	0.49	0.26	0.17	0.45
V$HNF4_01_B	253	0.03	NA	0.16	0.52	0.1	NA	0.07	0.16	NA	0.3	NA	0.06	NA	0.38	NA	0.35	0.14	0.5
V$HNF4_DR1_Q3	261	0.19	NA	0.36	0.24	0.13	NA	0.2	0.4	0.29	0.27	0.47	0.26	NA	0.15	NA	0.38	0.16	0.32
V$HNF4_Q6	263	0.13	0.07	0.3	0.02	0.19	NA	0.17	0.29	NA	0.43	0.42	0.46	0.18	0.13	0.03	0.19	NA	0.12
V$HNF4ALPHA_Q6	271	0.09	0.19	0.38	0.31	0.2	0.16	0.3	0.39	0.26	0.33	0.26	0.15	0.3	0.26	NA	0.27	0.13	0.25
V$HNF6_Q6	234	0.13	NA	0.11	0.03	0.31	0.51	0.22	NA	0.39	0.01	0.04	0.01	0.14	0.12	NA	0.37	0.29	NA
V$HOX13_01	46	0.44	0.11	0.18	0.29	0.02	0.41	0.34	0.04	0.16	0.06	0.25	0.09	0.03	0.21	0	0.02	0.07	0.21
V$HOXA4_Q2	267	0.18	0.33	0.05	0.04	0.03	0.48	0.18	0.3	0.18	0.38	0.16	0.43	0.28	0.13	0.29	0.27	0.44	NA
V$HP1SITEFACTOR_Q6	230	0.12	0.13	0.02	0.19	0.03	0.52	0.27	0.13	0.09	0.13	0.04	0.14	0.25	0.13	0.43	0.2	0.12	0.07
V$HSF_Q6	201	0.36	0.41	0.4	0.12	NA	0.06	0.39	0.08	NA	0.25	0.32	0.09	0.4	0.1	0.49	0.32	NA	0.15
V$HSF1_01	267	0.27	NA	0.18	0	0.07	0.21	0.11	0.01	0.43	0.21	0.04	0.16	0.06	0.5	0.13	0.09	0.34	0.18
V$HSF2_01	250	0.18	0.46	0.08	0.09	NA	0.04	NA	0.13	0.25	0.5	NA	NA	NA	0.39	0.01	0.42	0.3	0.17
V$HTF_01	72	0.12	NA	0.46	0.35	0.22	0.25	0.24	0.26	0.4	0.24	0.28	0.38	NA	0.29	0.32	0.44	0.33	0.43
V$ICSBP_Q6	248	0.07	NA	0.18	0.04	0.28	0.18	0.07	0.2	0.13	0.18	0.12	0.06	0.06	0.06	0.04	0.37	NA	0.15
V$IK1_01	278	0.24	0.23	0.08	0.11	0.27	0.32	0.07	0.13	0.07	0.04	0.12	0.04	0.14	0.36	0	0.05	0.19	0.08
V$IK2_01	267	0.26	0.4	0.1	0.31	0.24	0.4	0.23	NA	0.15	0.11	0.2	0.28	0.06	0.23	0.24	0.38	0.08	0.26
V$IK3_01	225	0.27	0.23	0.26	0.05	0.4	NA	0.34	0.2	0.23	0.22	0.02	0.12	0.17	0.15	0.13	0.19	0.47	0.11
V$IPF1_Q4	260	0.2	0.15	0	0.01	0.26	0.13	0.13	0.2	0.08	0.06	0	0.34	0.07	0.01	0.04	0.1	0.11	0.06
V$IRF_Q6	242	0.06	NA	0.19	0.09	0.29	0.38	0.08	0.18	0.14	0.24	0.17	0.09	0.16	0.07	0.04	0.32	NA	0.19
V$IRF1_01	250	0.14	NA	0.31	0.29	0.11	0.26	0.43	NA	0.04	0.13	0.31	0.22	NA	0.02	0.06	0.47	0.23	0.27
V$IRF1_Q6	258	0.05	NA	0.17	NA	NA	0.47	0.37	0.2	NA	0.14	0.17	0.13	0.09	0.06	0.09	0.52	0.32	0.11
V$IRF2_01	125	0.35	NA	0.09	0.16	0.19	0.09	0.25	0.17	0.13	0.11	0.31	0.12	NA	0.01	0.12	0.18	0.38	0.1
V$IRF7_01	252	0.47	NA	0.14	0.07	0.11	0.25	0.08	0.13	0.05	0.26	0.15	0.16	0.09	0.3	0.02	0.34	0.27	0.11
V$ISRE_01	247	0.16	NA	0.13	0.06	0.15	NA	0.05	0.13	0.03	0.2	0.13	0.09	0.08	0.07	0.03	0.25	0.33	0.15
V$LBP1_Q6	224	0.41	0.03	0.32	0.19	0.19	NA	0.1	0.1	0.04	0.47	0.09	0.31	0.23	0.41	0.18	0.12	0.26	0.18
V$LEF1_Q2	226	0.37	0.45	0.26	0.38	0.29	0.39	NA	0.3	0.37	0.28	NA	0.4	0.08	0.29	0.61	0.36	NA	0.31
V$LEF1_Q6	261	0.36	0.48	0.36	0.18	0.1	0.37	0.35	0.24	NA	0.35	0.13	0.35	0.33	0.25	0.15	0.32	0.44	NA
V$LFA1_Q6	246	0.49	NA	0.13	0.28	NA	NA	0.33	NA	NA	0.17	NA	0.3	0.17	0.36	0.42	0.47	NA	0.17
V$LHX3_01	224	0.04	NA	0.12	0.35	0.1	0.42	NA	0.46	0.32	0.03	0.22	0.04	0.32	0.05	0.19	0.49	0.04	0.27
V$LMO2COM_01	264	0.08	0.21	0.36	NA	0.27	0.42	NA	0.42	NA	0.44	0.32	NA	NA	0.35	0.26	0.37	NA	0.16
V$LMO2COM_02	246	0.23	0.35	0.23	0.12	NA	0.33	0.37	0.25	0.23	0.13	0.42	0.22	0.47	0.51	0.15	0.11	0.39	0.36
V$LXR_DR4_Q3	92	0.41	NA	0.17	0.14	0.42	0.29	0.26	0.15	0.45	0.38	0.25	0.3	NA	0.29	0.11	0.48	0.23	0.02
V$LXR_Q3	77	0.13	0.34	0.37	0.28	0.24	NA	0.03	0.28	NA	NA	0.3	0.37	0.44	0.09	NA	0.14	0.16	NA
V$LYF1_01	264	0	0.17	0.34	0.44	NA	0.18	0.27	0.21	NA	0.39	NA	0.34	0.28	0.09	NA	0.08	0.26	0.38
V$MAF_Q6	259	0.17	0.1	0.23	0.52	0.47	0.07	0.17	0.13	0.08	0.16	0	0.23	0.13	0.31	0.44	0.33	0.28	NA
V$MAX_01	262	0.3	0.02	0.03	0.01	0	0	0.09	0	0.02	0	0.01	0.02	0	0.19	NA	0.43	0.02	0
V$MAZ_Q6	193	0.47	0.08	0.32	0.4	0.06	NA	0.22	0.14	0.34	0.26	0.27	0.36	0.12	0.41	0.46	0.1	NA	NA
V$MAZR_01	220	0.23	0.39	NA	0.38	0.42	0.35	0.23	NA	0.1	0.34	0.46	0.18	0.37	0.16	0.49	0.33	NA	0.03
V$MEF2_01	144	0.36	0.4	0	0.17	0.06	0.46	0.02	0.04	0.22	0.04	0	0	0.26	0.32	0	0.38	0.08	0.03
V$MEF2_02	228	0.24	0.49	0	0.13	0.13	0.18	0.07	0.15	0.13	0.01	0.08	0.09	0.49	0.33	0.02	0.34	0.26	0.04
V$MEF2_03	238	0.33	0.27	0	0.4	0.09	0.32	0.04	0.07	0.07	0.03	0.07	0.03	NA	0.19	0.04	0.35	0.22	0.02
V$MEF2_04	25	0.5	NA	0.42	0.58	0.41	0.24	0.33	0.09	NA	0.27	NA	0.16	0.46	0.07	0.48	0.15	0.56	0.11
V$MEF2_Q6_01	244	0.38	NA	0	0.34	0.09	0.05	0.05	0.1	0.06	0.01	0.07	0.03	0.26	0.13	0.19	0.08	0.15	0.06
V$MEIS1_01	239	0.4	0.3	NA	0.28	0.19	0.2	0.29	0.51	NA	0.05	0.2	0.36	0.13	0.31	0.28	0.26	0.15	0.14
V$MEIS1AHOXA9_01	117	0.16	NA	0.33	0.12	0.37	0.07	0.21	0.48	0.31	0.42	0.25	0.37	0.16	0.3	0.37	0.26	0.49	0.46
V$MEIS1BHOXA9_01	145	0	NA	0.14	0.14	NA	0.22	0.28	0.55	NA	0.37	0.08	0.37	NA	NA	0.42	0.42	0.16	NA
V$MIF1_01	181	0.11	0.16	0.41	0.11	NA	0.36	0.31	0.38	0.09	0.32	0.39	NA	0.23	0.45	0.23	0.02	NA	0.31
V$MMEF2_Q6	272	0.06	0.21	0.38	0.32	0.31	0.28	0.2	0.19	0.12	0.07	0.14	0.16	NA	0.14	0.1	0.08	0.19	0.08
V$MSX1_01	174	0.04	0.47	0.2	0.47	0.25	0.37	NA	0.28	NA	0.2	0.54	0.1	0.14	0.32	NA	0.37	NA	0.29
V$MTF1_Q4	252	0.34	0.3	0.35	0.33	0.14	0.33	0.33	NA	NA	0.15	NA	0.32	NA	0.49	0.25	0.42	0.35	0.2
V$MYB_Q3	250	0.35	NA	0.16	0.39	0.22	NA	0.34	0.16	NA	0.29	0.11	0.19	0.08	0.33	NA	0.44	NA	0.32
V$MYB_Q5_01	267	0.45	NA	0.4	0.3	0.33	0.5	0.3	0.13	NA	0.25	0.18	0.19	0.05	0.27	0.48	0.31	0.33	NA
V$MYB_Q6	255	0.07	0.34	0.07	0.1	0.06	0.16	0.49	0.22	0.01	0.12	0.28	0.15	0.06	0.4	0.05	0	0.07	0.08
V$MYC_Q2	185	0.1	NA	0.37	0.18	0.01	0	0.11	NA	0.06	0.06	0.06	0.1	0.02	0.36	NA	0.29	0.02	0.01
V$MYCMAX_01	255	0.36	0.01	0.07	0.01	0	0	0.06	0	0	0	0.01	0.02	0	0.03	0.05	0.18	0	0
V$MYCMAX_02	268	0.58	0.02	0.09	0.01	0.3	0.04	0.12	0.06	0.09	0.02	0.05	0.07	0.06	0.12	0.13	0.44	0.21	0.02
V$MYCMAX_03	252	0.15	NA	0.06	0.03	0.03	0.01	0.16	0.13	0.03	0.02	0.19	0.14	0.05	0.04	0.08	0.47	0.07	0
V$MYCMAX_B	268	0.43	0.04	0.06	0.06	0.01	0.06	0.02	0	0	0.03	0.08	0.04	0.02	0.04	0.01	0.14	0.04	0
V$MYOD_01	265	0.3	0.4	0.32	0.33	0.17	NA	0.37	0.37	NA	0.24	0.43	0.48	0.12	0.04	0.41	0.24	0.13	0.47
V$MYOD_Q6	245	0.09	NA	0.2	0.53	0.23	NA	0.31	0.54	0.25	NA	0.19	0.41	0.41	0.1	0.49	0.21	0.45	0.22
V$MYOD_Q6_01	257	0.12	0.12	0.38	0.36	NA	0.48	NA	NA	NA	0.29	0.46	0.32	NA	0.36	0.32	0.07	0.42	NA
V$MYOGENIN_Q6	255	0.49	0.53	0.13	0.07	0.34	0.29	0.51	NA	0.13	0.2	0.17	0.14	0.36	0.01	0.16	0.1	NA	0.11
V$MYOGNF1_01	48	0.15	0.01	0.05	0.15	0.11	0.2	0.25	0.01	0.09	0.1	0.49	0.47	0.45	0.41	0.06	0.53	0.18	NA
V$MZF1_01	236	0.52	NA	0.25	0.35	0.36	NA	0.37	0.41	0.48	0.25	0.25	0.28	NA	NA	0.5	0.25	0.17	0.13
V$MZF1_02	232	0.43	NA	0.22	0.25	NA	0.46	NA	0.35	0.3	0.35	0.31	0.26	0.33	0.08	0.43	0.2	0.4	0.4
V$NCX_01	171	0.23	NA	0.51	0.24	0.4	0.47	0.23	0.27	0.27	NA	0.42	NA	NA	0.25	NA	0.36	0.07	0.17
V$NERF_Q2	247	0.1	0.18	0.54	0.24	0.57	0.34	0.17	0.14	0.07	NA	0.18	0.1	NA	0.33	NA	0.36	0.1	0.32
V$NF1_Q6	261	0.38	0.46	0.12	0.24	0.08	NA	0.39	0.24	0.1	0.18	0.18	0.07	0.11	0.24	0.1	0.36	0.22	NA
V$NF1_Q6_01	268	0.41	0.44	0.38	0.32	0.12	0.19	0.09	0.42	0.11	0.15	0.27	0.37	NA	0.3	0.55	0.28	0.45	0.42
V$NFAT_Q4_01	266	0.04	0.21	0.25	0.44	0.03	0.44	0.54	0.3	NA	0.1	0.45	0.21	0.24	0.44	0.45	0.55	0.28	0.46
V$NFAT_Q6	246	0.49	0.1	0.07	0.24	0.08	NA	0.03	0.1	0.12	0.26	0.3	0.29	0.13	0.24	0.21	0.4	0.33	0.45
V$NFE2_01	272	0.33	NA	0.17	0.23	0.31	0.33	0.15	0.21	NA	0.42	0.17	0.34	0.32	0.08	0.4	0.21	NA	NA
V$NFKAPPAB_01	251	0.45	NA	0.3	0.47	NA	NA	0.14	NA	0.15	0.41	0.17	0.48	0.47	0.25	NA	0.3	0.23	NA
V$NFKAPPAB65_01	237	0.34	NA	0.42	0.4	NA	0.34	0.14	NA	NA	0.23	NA	0.27	0.28	0.01	0.47	0	0.12	NA
V$NFKB_C	263	0.3	NA	0.35	NA	0.31	0.13	0.17	NA	NA	0.23	0.42	0.25	NA	0.16	NA	0.22	0.3	0.47
V$NFKB_Q6	254	0.31	0.32	0.22	NA	0.3	0.23	0.22	NA	0.13	0.16	0.15	0.46	0.4	0.19	0.14	0.01	0.2	0.46
V$NFKB_Q6_01	232	0.23	0.2	0.42	0.32	NA	NA	0.14	0.51	NA	0.48	NA	0.28	NA	NA	NA	0.04	0.23	0.25
V$NFMUE1_Q6	245	0.46	NA	0.25	0.21	0.11	NA	0.27	0.27	0.55	0	0.27	0.14	0.46	0.17	0.08	0.19	NA	0.01
V$NFY_01	254	0.52	0	0.02	0.01	0	0	0	0	0	0.01	0	0	0	0.32	0	0.42	0.01	0
V$NFY_C	245	0.36	0	0	0.05	0	0.02	0.01	0	0	0.01	0	0	0.01	0.47	0	0.28	0	0
V$NFY_Q6	262	0.47	0	0.01	0.03	0	0.02	0.02	0	0	0.03	0.02	0	0	0.02	0	0.08	0	0
V$NFY_Q6_01	264	0.52	0.03	0	0.05	0	0.03	0	0.01	0.01	0.06	0.02	0	0	0.41	0	0.32	0.01	0
V$NGFIC_01	255	0.58	NA	0.13	NA	0.28	0.1	0.19	NA	0.14	0.13	NA	0.29	0.41	0.07	0.32	0.24	NA	0.2
V$NKX22_01	190	0.15	0.02	0.04	0.01	0.1	0.24	0.09	0.05	0.14	0.2	0.05	0.01	0.06	0.01	0.08	0.29	0.03	0.01
V$NKX25_01	125	0.26	0.3	0.07	0.38	0.27	0.37	0.13	NA	NA	0.08	0.46	0.26	0.27	0.16	NA	0	0.26	0.28
V$NKX25_02	262	0.24	0.37	0.08	0.06	0.15	0.42	0.02	0.28	0.18	0.03	0.18	0.12	0.16	0.06	0.12	0.47	0.08	0.28
V$NKX3A_01	237	0.19	0.29	0.09	0.04	0.29	0.43	0.04	0.47	0.41	0.22	0.14	0.05	0.21	0.35	0.01	0.48	0.05	0
V$NKX61_01	236	0	0.45	0.16	0.34	0.15	0.54	0.21	0.48	0.51	0	0.22	0.27	NA	0.01	NA	0.32	0.05	0.08
V$NKX62_Q2	241	0.31	0.22	0.03	0.25	0.01	0.24	0.33	0.29	0.26	0.01	0.14	0.01	0.13	0.19	0.08	0.17	0.05	0
V$NMYC_01	271	0.4	0.02	0.13	0	0.01	0.04	0.02	0.13	0.01	0.03	0.02	0.01	0.01	0.44	NA	0.35	0.01	0
V$NRF1_Q6	252	0.11	NA	0.09	0.09	0.01	0.07	0.06	0.18	0.17	0.11	0.02	0.08	0.16	0.31	0.01	0.19	0.02	0
V$NRF2_01	270	0.25	NA	0.05	0.09	0.03	0.14	0.13	NA	0.13	0.04	0.01	0.09	0.08	0.25	0.05	0.23	0.03	0
V$NRF2_Q4	255	0.11	NA	0	0.15	0.01	0.21	0.04	0.03	0	0.07	0.1	0.02	0.08	0.4	NA	0.18	0.05	0.23
V$NRSF_01	97	0.06	NA	0.09	0.31	0.29	0.23	0.33	NA	NA	0.15	0.17	0.13	NA	0.48	0.28	0.12	0.17	0.26
V$OCT_C	268	0.12	0.4	0.2	0.21	0.23	0.23	0.39	0.42	NA	0.12	0.32	0.26	0.45	0.4	0.24	0.06	0.1	0.39
V$OCT_Q6	265	0.09	0.17	0.05	0	0.17	0.27	0.33	0.37	0.45	0.22	NA	0.37	0.25	0.16	0.26	0.04	0.18	0.36
V$OCT1_01	266	0.25	0.33	0	0	0.05	0.28	0.23	0.2	0.19	0.01	0.13	0.14	0	0.2	0.06	0.01	0.07	0.01
V$OCT1_02	214	0.35	0.07	0	0.02	0.05	0.23	0.03	0.1	0.07	0	0.02	0.01	0.07	0.32	0.22	0.31	0	0
V$OCT1_03	230	0.09	0.08	0.04	0.01	0.02	0.43	0	0.02	0.05	0.09	0.05	0.05	0.03	0.07	0.16	0.12	0.05	0
V$OCT1_04	241	0.43	0.06	0.05	0.13	0.01	0.23	0.09	0.1	0.03	0	0.04	0.03	0	0.03	0.06	0.33	0.01	0
V$OCT1_05	254	0.2	0.17	0.03	0.13	0	0.19	0.02	0.14	NA	0	0.08	0.14	0.2	0.32	0.15	0.01	0.1	0.03
V$OCT1_06	266	0	0.41	0.1	0.29	0.02	0.1	0.17	0.27	0.22	0.01	0.18	0.24	0.07	0.15	NA	0.13	0.07	0.05
V$OCT1_07	162	0.16	0.15	0.06	0.16	0.16	0.37	0.05	0.28	0.16	0.38	0.06	0.05	0	0.17	0.14	0.14	0.06	0.06
V$OCT1_B	267	0.22	0.06	0.1	0.04	0.13	0.41	0.3	0.42	0.37	0.06	0.44	0.28	0.17	0.51	0.27	0.03	0.09	0.11
V$OCT1_Q5_01	273	0.17	0.19	0.05	0.02	0.1	0.18	0.42	0.56	NA	0.05	0.38	0.34	0.22	0.54	NA	0.04	0.14	0.29
V$OCT1_Q6	270	0.18	0.11	0.12	0.11	0.05	0.2	0.25	0.3	NA	0	0.41	0.31	0.03	0.08	NA	0.16	0	0.16
V$OLF1_01	272	0.28	0.38	0.54	0.51	0.38	NA	0.29	0.46	NA	0.07	0.14	0.19	NA	0.03	0.27	0.36	0.53	0.13
V$OSF2_Q6	264	0.3	0.4	0.03	0.25	0.35	0.1	0.43	0.48	0.14	0.01	0.38	0.26	0.56	0.5	0.39	0.4	0.24	NA
V$P300_01	249	0.37	0.18	0.41	0.29	NA	0.24	0.38	0.37	0.1	NA	0.44	0.41	NA	0.2	0.08	0.09	0.44	NA
V$P53_02	254	0	0.19	0.23	0.16	0.18	0.21	0.27	0.13	0.23	0.36	0.27	0.33	NA	0.31	NA	0.37	0.09	0.21
V$P53_DECAMER_Q2	256	0.45	0.32	0.5	0.26	0.05	0.49	0.45	0.16	0.13	0.1	0.15	0.46	NA	0.24	NA	0.43	0.09	0.33
V$PAX_Q6	259	0.24	0.17	0.41	NA	0.15	0.24	0.3	0.39	NA	0.17	NA	0.26	0.03	0.21	0.14	0.37	0.2	0.05
V$PAX2_01	58	0.11	0.39	0.28	0.27	0.46	0.07	0.08	0.29	0.12	0.35	0.51	0.03	NA	0.41	NA	0.2	0.09	0.2
V$PAX2_02	258	0.22	0.08	0.08	0.05	0	0	0.07	0.05	0	0	0	0.07	0.07	0.12	0	0.55	0.01	0.06
V$PAX3_01	22	0.05	0.32	0.32	0.3	0.31	0.02	0.16	NA	0.05	0.43	0.26	0.29	0.13	0.31	0.2	0.25	0.47	0.28
V$PAX3_B	90	0.08	0.13	0.51	0.32	0.5	0.3	0.13	0.15	0.39	0.23	0	0.45	0.46	0.25	0.29	0.53	0.28	0.39
V$PAX4_01	262	0.28	0.42	NA	0.36	0.33	0.24	0.17	NA	0.43	NA	0.15	0.35	NA	0.46	NA	0.48	NA	NA
V$PAX4_02	237	0.09	0.25	0.14	0.21	0.03	0.38	0.08	0.05	0.21	0.01	0.16	0.01	0.17	0.24	0.07	0.1	0.07	0.05
V$PAX4_03	253	0.15	0.35	0.38	0.37	0.42	0.1	NA	0.45	0.38	0.45	0.47	0.27	0.52	0	0.19	0.01	NA	NA
V$PAX4_04	218	0.2	0.05	0.05	0.07	0	0.45	0.02	0.02	0.02	0.01	0.04	0.02	0.14	0.02	0.29	0.37	0.01	0.12
V$PAX5_01	154	0.37	0.48	0.19	0.27	0.33	0.34	NA	0.1	NA	0.48	0.15	0.17	0.24	0.37	0.49	0.45	0.23	0.07
V$PAX5_02	17	0.02	NA	0.19	0.35	0.25	0.17	0.29	NA	NA	0.12	0.42	0.22	NA	0.18	NA	0.16	0.3	NA
V$PAX6_01	101	0.1	NA	0.33	0.27	0.16	0.16	0.05	NA	0.18	0.16	0.12	0.21	NA	0.42	0.02	0.29	NA	0.22
V$PAX8_01	38	0.19	0.03	0.16	NA	0.27	0.08	0.17	0.24	0.09	0.3	0.11	0.15	0.02	0.07	NA	0.33	0.17	0.1
V$PAX8_B	106	0	0.13	0.36	0.16	0.01	0.15	0.2	NA	0.47	0.32	0	0.36	0.3	0.33	0.44	0.37	0.42	NA
V$PBX1_01	252	0.07	NA	0.17	0.17	0.15	0.5	0.3	0.15	0.54	0.09	NA	NA	0.02	0.13	NA	0.1	0.13	0.36
V$PBX1_02	128	0.29	0.24	0.01	0.16	NA	0.26	0.19	0.28	NA	0.43	0.25	0.35	0.35	0.21	0.28	0.39	0.4	0.22
V$PEA3_Q6	255	0.04	0.36	0.23	0.39	0.42	0.46	0.09	0.37	0.03	NA	0.21	0.13	0.19	0.12	NA	0.03	0.09	0.31
V$PIT1_Q6	236	0.1	0.51	0.51	0.19	0.03	0.09	0.07	0.57	0.37	0	0.09	0.2	0.09	0.29	0.07	0.29	0.01	0.06
V$PITX2_Q2	255	0.24	0.2	0.03	0.07	0.11	0.18	0.16	0.21	0.29	0.26	0.16	0.06	0.07	0.22	0.48	0.1	0.01	0.27
V$POU1F1_Q6	238	0.23	0.21	0.1	0.16	0.08	0.5	0.13	0.34	0.08	0.14	0.04	0.06	0.27	0.12	0.09	0.03	NA	0.17
V$POU3F2_01	100	0.1	0.16	0.22	NA	0.27	0.54	0.24	0.42	0.17	0.16	0.34	0.08	0.51	0.32	0.42	0.32	0.25	0.23
V$POU3F2_02	260	0.33	NA	0.06	0.45	0.13	NA	0.36	0.22	NA	0.1	0.25	0.32	0.28	0.13	0.03	0.04	0.14	0.39
V$POU6F1_01	240	0.05	0.37	0.13	0.27	0.07	0.21	0.01	0.3	0.3	0.15	0.1	0.06	0.07	NA	0.07	0.37	0.01	0.06
V$PPAR_DR1_Q2	259	0.47	NA	0.28	0.09	0.05	NA	0.51	NA	0.15	0.07	0.17	0.18	NA	0.42	0.06	0.21	0.11	0.3
V$PPARA_01	37	0.24	0.07	0.16	0.05	0.16	0.28	0.35	NA	0.19	0.27	NA	0.34	NA	0.23	0.18	0.06	0.21	0.36
V$PPARA_02	129	0.24	0.19	0.32	0.43	NA	NA	0.07	NA	0.24	NA	0.36	0.31	NA	0.23	0.19	0.28	0.42	0.28
V$PPARG_01	46	0.22	NA	0.03	0.03	0.11	NA	0.38	0.1	0.17	0.17	0.08	0.04	0.4	0.31	NA	0.24	0	0.16
V$PR_01	148	0.46	0.23	0.35	0.28	0.26	0.01	0.25	0.4	0.2	0.17	0.23	NA	0.17	0.05	0.38	0.24	NA	0.2
V$PR_02	136	0.35	NA	0.18	0.42	0.2	0.09	0.4	0.22	0.02	0.49	0.43	0.23	0.52	0.47	0.11	0.4	0.33	0.15
V$PR_Q2	266	0.25	0.43	0.32	0.18	0.1	0.1	0.04	0.37	0.15	0.06	0.24	0.33	0.49	0.38	0.03	0.05	0.24	0.38
V$PTF1BETA_Q6	244	0.19	0.07	0.12	NA	0.42	NA	NA	0.2	0.26	0.39	0.06	0.05	0.2	0.34	NA	0.4	0.06	0.14
V$PU1_Q6	234	0.12	NA	0.13	NA	0.32	0.24	0.09	NA	0.13	0.28	0.08	0.18	0.14	0.51	0.08	0.3	0.18	0.13
V$PXR_Q2	256	0.16	0.14	0.3	0.2	0.17	0.21	0.15	0.17	0.28	0.08	0.08	0.24	0.17	0.05	0.12	0.13	0.05	0.32
V$RFX1_01	256	0.31	0.17	0.33	0.19	0.17	0.54	0.11	0.2	0.04	0.3	0.14	0.41	0.25	NA	NA	0.11	0.46	0.26
V$RFX1_02	278	0.03	0.37	0.48	0.15	0.37	0.28	0.18	0.3	0.38	0.16	0.31	0.37	0.17	0.17	0.15	0.02	0.32	0.1
V$RORA1_01	242	0.09	0.44	0.34	0.15	0.3	0.04	0.07	0.23	NA	0.09	0.41	NA	0.23	NA	NA	0.25	0.31	0.41
V$RORA2_01	151	0.02	0.06	0.12	0.14	0.08	0.1	0.02	0.09	0.01	0.33	0.01	0.01	0.18	0.36	0.38	0.3	0.17	0.03
V$RP58_01	207	0.17	0	0.01	0.21	0	NA	0.04	0.06	0.25	0	0.15	0.01	0.13	0.36	0	0.37	0.04	0.09
V$RREB1_01	207	0.43	NA	0.22	0.15	0.41	0.48	NA	0.37	0.25	0.32	0.49	0.22	0.33	0.07	0.1	0.26	0.3	NA
V$RSRFC4_01	245	0.39	0.31	0.02	0.35	0.35	0.24	0.04	0.25	0.14	0.02	0.09	0.15	0.27	0.45	0.17	0	0.32	0.04
V$RSRFC4_Q2	214	0.49	0.32	0.02	0.39	0.06	0.12	0	0.29	0.05	0.02	0.02	0.1	0.24	0.44	0.05	0.29	0.11	0.01
V$S8_01	245	0.2	0.16	0.05	0.24	0.01	0.47	0.05	0.08	0.06	0.01	0.12	0.03	0.21	0.01	0.03	0.16	0.02	0.09
V$SF1_Q6	257	0.43	NA	0.07	0.3	0.2	0.02	0.01	0.06	0.07	0.2	0.06	0.17	0.08	0.35	0.11	0.11	0.05	0.29
V$SMAD_Q6	255	0.43	0.44	0.24	0.17	0.32	0.02	0.37	0.43	0.46	0.48	0.23	NA	0.03	0.29	0.39	0.12	0.33	0.28
V$SMAD3_Q6	239	0.48	0.21	0.35	0.22	0.06	0.31	0.44	0.26	0.34	NA	0.38	0.14	0.44	0.25	0.03	0.03	0.3	0.07
V$SMAD4_Q6	241	0	0.27	0.4	0.3	0.03	0.31	0.37	0.37	0.41	0.51	NA	0.36	0.43	0.33	NA	0.18	0.34	NA
V$SOX5_01	265	0.35	0.15	0.04	0.1	0.24	0.27	0.03	0	0.09	0.07	0	0.03	0.02	0.37	0.32	0.26	0	0.01
V$SOX9_B1	237	0.1	0.03	0.04	0.32	0.06	0.21	0.07	0.06	0.46	0.35	0.05	0.05	0.11	0.27	NA	0.18	0.03	0.07
V$SP1_01	237	0.5	0.19	0.2	0.31	0.42	0.41	NA	0.34	0.16	0.04	0.05	0.13	0.33	0.02	0.18	0.19	0.36	0.2
V$SP1_Q2_01	245	0.34	0.43	0.39	0.13	0.15	NA	0.13	0.36	NA	0.27	0.5	0.32	NA	0.2	NA	0.11	NA	0.26
V$SP1_Q4_01	258	0.53	0.37	0.09	0.23	0.21	0.43	0	0.29	NA	0.2	NA	0.15	0.29	0.42	0.29	0.02	0.08	0.17
V$SP1_Q6	256	0.47	0.44	0.15	0.25	0.21	NA	0.02	0.25	0.22	0.23	0.52	0.12	0.32	0.41	NA	0	0.07	0.17
V$SP1_Q6_01	243	0.44	0.39	0.17	0.36	NA	0.2	0.01	0.31	NA	0.14	0.27	0.22	NA	0.25	0.35	0.02	0.07	0.06
V$SP3_Q3	245	0.04	NA	0.33	0.21	0.09	NA	0.18	NA	0.2	0.28	0.4	NA	NA	0.29	0.25	0.09	0.29	0.16
V$SPZ1_01	231	0.02	0.12	0.32	0.1	0.32	NA	0.17	0.28	NA	0.03	NA	0.32	NA	0.23	0.48	0.33	0.12	0.33
V$SREBP_Q3	258	0	0.39	0.14	0.16	0.31	NA	0.26	0.36	0.42	0.35	0.38	0.3	NA	0.07	0.34	0.4	0.3	0.36
V$SREBP1_01	168	0.32	NA	0.06	0.07	0.13	NA	0.08	0.16	NA	0.29	0.04	0.05	0.16	0.18	0.12	0.4	0.1	0.09
V$SREBP1_02	88	0.4	0.46	0.02	0.37	0.49	NA	0.18	0.39	NA	0.38	NA	0.19	0.52	0.02	0.39	0.27	0.11	0.34
V$SREBP1_Q6	245	0.29	0.29	0.18	0.05	0.34	NA	0.1	0.35	NA	NA	0.46	0.35	NA	0.03	0.03	0.09	0.33	0.26
V$SRF_01	50	0.13	0.01	0	0.19	0	0.33	0.21	0.02	0.21	0.17	0.04	0.02	0.24	0.17	0.01	0.36	0.04	0.01
V$SRF_C	211	0.13	0	0.02	0.2	0	0.21	0.16	0	0.16	0.22	0.09	0.02	0.19	0.3	0	0.2	0.11	0.03
V$SRF_Q4	221	0.18	0.02	0.04	0.14	0	0.34	0.08	0	0.14	0.09	0.09	0.05	0.29	0.41	0	0.05	0.09	0.01
V$SRF_Q5_01	220	0.12	0.02	0.01	0.17	0	0.3	0.15	0.02	0.26	0.14	0.11	0	0.11	0.18	0	0.38	0.11	0
V$SRF_Q6	241	0.14	0	0	0.12	0	0.23	0.26	0	0.05	0.01	0.1	0.02	0.09	0.26	0	0.3	0.08	0.03
V$SRY_01	224	0.1	0.04	0.07	0.07	0.01	0.04	0.14	0.02	0	0.08	0.04	0.03	0	0.41	0.03	0.19	0.17	0.04
V$SRY_02	255	0.41	0.04	0.06	0.27	0.03	0.23	0.06	0.06	0.12	0.15	0.03	0.01	0.02	0.49	0.17	0.41	0	0
V$STAT_01	253	0.29	0.22	0.18	0.35	0.32	0.04	0.3	0.42	0.13	0.18	0.39	0.43	0.06	0.02	0.17	0.12	0.2	0.28
V$STAT_Q6	260	0.19	0.28	0.33	0.44	0.34	0.38	0.28	0.43	0.34	NA	0.18	NA	0.19	0.25	0.33	0.23	0.34	NA
V$STAT1_01	68	0.43	0.12	0.02	0.16	0.46	0.43	0.25	0.48	0.09	NA	NA	0.2	NA	0.17	0.2	0.05	0.27	0.13
V$STAT1_02	252	0.31	NA	0.09	0.14	0.09	0.12	0.13	NA	0.48	0.14	0.04	0.08	NA	NA	0.14	0.16	0.07	0.08
V$STAT1_03	248	0.48	0.32	0.04	0.26	0.44	0.13	0.04	NA	0.28	NA	0.02	0.08	NA	0.43	NA	0.12	0.05	0.27
V$STAT3_01	22	0.03	0.01	0.34	0.39	0.1	0.4	0.27	0.07	0.34	NA	0.17	0.3	0.2	0.2	0.11	0.49	0.29	0.08
V$STAT3_02	147	0.32	NA	0.37	0.23	NA	NA	0.3	0.4	0.3	0.49	NA	0.45	0.35	0.06	0.32	0.36	0.47	0.19
V$STAT4_01	266	0.05	0.25	0.18	0.34	0.07	0.28	0	0.12	0.16	0.04	0.27	0.23	0.37	0.48	0.06	0.53	0.08	0.3
V$STAT5A_01	251	0.19	0.15	0.42	0.15	0	0.28	0.33	0.13	0.11	0.05	0.32	0.23	0.12	0.53	0.08	0.35	NA	0.3
V$STAT5A_02	141	0	0.2	0.11	0	0.29	0.06	0	0.04	0.09	0.25	0.08	0.2	0.05	0.01	0	0.12	0.11	0
V$STAT5A_03	265	0.27	0.52	0.18	0.3	0.07	0.37	NA	0.07	0.03	0.12	0.4	0.21	0.04	0.24	0.14	0.04	0.51	0.11
V$STAT5A_04	213	0.31	NA	0.39	0.29	NA	0.26	0.03	NA	0.19	0.2	0.13	0.23	0.3	0.34	0.13	0.21	0.09	NA
V$STAT5B_01	247	0.08	0.16	0.28	0.29	0	0.39	0.16	0.23	0.08	0.01	0.22	0.25	0.19	0.2	0.01	0.2	0.41	0.15
V$STAT6_01	264	0.22	NA	0.28	0.1	0.29	0.22	0.37	0.36	0.33	0.18	0.3	0.25	0.39	0.2	0.07	0.46	0.47	0.3
V$STAT6_02	258	0.05	0.13	0.33	0.12	0.18	0.07	0.38	0.15	0.14	0.12	NA	0.28	0.22	0.43	0.36	0.49	0.21	0.07
V$T3R_Q6	251	0.26	NA	0.13	0.27	0.34	0.01	0.37	0.22	0.13	0.41	0.41	NA	0.02	0.02	NA	0.21	0.15	0.34
V$TAL1ALPHAE47_01	252	0.33	0.37	0.03	0.06	0.14	0.24	0.03	0.23	0.07	0.05	0.12	0.03	0	0.33	0.03	0.42	0.05	0.12
V$TAL1BETAE47_01	248	0.31	NA	0.08	0.03	0.24	0.08	0.05	0.45	0.19	0	0.44	0.13	0.08	0.31	0	0.15	0.17	0.05
V$TAL1BETAITF2_01	256	0.5	NA	0.09	0.14	0.19	0.34	0.05	0.32	0.17	0.01	0.31	0.04	0.2	0.45	0.01	0.41	0.09	0.04
V$TATA_01	255	0.24	NA	0.2	0.35	0.18	0.42	0.29	NA	0.17	0.16	0.31	0.53	NA	0.44	0.14	0.39	0.35	NA
V$TATA_C	283	0.57	0.31	0.26	0.14	0.02	0.25	NA	0.45	0.43	0.24	0.34	0.22	NA	0.3	0.11	0.31	0.14	0.33
V$TAXCREB_01	137	0.09	0.03	0.39	0.25	NA	NA	0.28	0.37	0.33	0.23	0.33	0.46	0.44	0.46	NA	0.24	0.49	0.43
V$TAXCREB_02	26	0.4	NA	NA	0.32	0.33	0.04	0.14	NA	0.13	0.13	NA	0.49	NA	0.11	0.4	0.46	0.41	0.22
V$TBP_01	245	0.38	0.41	0.47	0.15	0.06	0.11	0.45	0.2	NA	0.06	0.05	0.19	NA	0.43	0.28	0.28	0.2	0.12
V$TCF11_01	253	0.2	NA	0.05	0.49	0.03	0.17	0.09	0.02	0.32	0.04	0.05	0.04	0.06	0.15	0.07	0.19	0	0.27
V$TCF11MAFG_01	207	0.12	0.08	0.07	0.09	0.1	NA	0.34	0.02	0.02	0.23	0.17	0.02	0.12	0.23	0.01	0.05	0.11	0.04
V$TCF1P_Q6	266	0.35	NA	0.35	0.54	0.4	0.2	0.23	0.41	0.13	0.08	NA	0.27	NA	0.42	NA	0.33	0.31	0.22
V$TCF4_Q5	242	0.19	0.33	0.24	0.22	NA	0	0.33	0.29	0.42	0.22	0.2	0.25	0.18	0.02	0.37	0.5	0.11	0.44
V$TEF_Q6	255	0.46	0.06	0	0.17	0	0.39	0.25	0.1	0.02	0.16	0.08	0.2	0	0.1	0.01	0.19	0.03	0.02
V$TEF1_Q6	226	0.47	0.07	0.22	0.25	0.16	0.3	0.33	0.04	0.12	NA	0.5	NA	0.21	0.31	0.13	0.21	0.46	NA
V$TEL2_Q6	233	0.09	0.29	0.05	0.13	0.08	NA	0.11	NA	0.12	0.13	0.02	0.02	0.06	0.11	0.13	0	0.03	0.1
V$TFIIA_Q6	251	0.16	0	0.01	0.46	0.01	NA	0.43	0.08	0.28	0.23	0.14	0.32	0.26	0.29	0.07	0.46	0.39	0.02
V$TFIII_Q6	205	0.11	0.37	0.21	NA	0.31	NA	0.17	0.25	0.17	0.28	0.34	0.44	0.05	0.03	0.27	0.06	NA	NA
V$TGIF_01	247	0.65	NA	0.11	0.3	0.22	0.03	0.15	0.2	NA	NA	0.44	NA	0.5	0.43	NA	0.44	0.42	NA
V$TITF1_Q3	239	0.26	0.48	0.15	0.02	0.33	0.51	0.16	0.01	0.11	0.09	0.28	NA	0.14	0.29	0.16	0.4	0.28	0.35
V$TST1_01	262	0.35	0.32	0.22	0.37	0.28	0.24	0.02	0.31	0.3	0.46	0.21	0.3	0.36	0.32	0.28	0.39	0.11	0.12
V$TTF1_Q6	262	0.43	0.44	0.4	0.43	0.31	0.38	0.26	NA	0.24	0.37	0.31	0.13	0.32	0.07	0.27	0.44	NA	0.24
V$USF_01	256	0.3	0.06	0.03	0.07	0.04	0.13	0.07	0.07	0.1	0.01	0.11	0.04	0.1	0.06	0.18	0.28	0.02	0
V$USF_02	272	0.4	0.39	0.06	0.03	0.12	0.19	0.3	0.21	0.23	0.11	0.3	0.06	0.03	0.26	0.11	0.1	0.11	0.02
V$USF_C	279	0.39	0.01	0.04	0.01	0.01	0.03	0.03	0.02	0.02	0.1	0.02	0.01	0.02	0.28	NA	0.2	0.04	0
V$USF_Q6	259	0.46	0.15	0.07	0.12	0.05	NA	0.22	0.2	0.33	0.1	0.21	0.05	NA	0.39	0.3	0.3	0.08	0.03
V$USF_Q6_01	239	0.35	NA	0.18	0.2	0.21	0.18	0.04	0.16	0.23	NA	0.12	0.15	NA	0.24	0.4	0.48	0.07	0.02
V$USF2_Q6	251	0.07	0.54	0.39	0.22	0.03	0.01	0.16	0.54	0.07	0.02	0.2	0.18	0.13	0.45	0.12	0.08	0.03	0.05
V$VDR_Q3	225	0.16	NA	0.4	NA	0.37	NA	0.47	NA	0.4	NA	0.23	NA	NA	0.19	NA	0.29	NA	0.29
V$VDR_Q6	269	0	NA	0.35	0.26	0.27	0.15	0.43	0.48	0.18	0.39	0.3	0.42	NA	0.22	0.19	0.05	0.39	0.31
V$WHN_B	254	0.06	0.12	0.39	0.12	0.15	NA	0.38	NA	0.17	0.21	NA	0.38	0.12	0.32	0.04	0.45	0.29	0.22
V$XBP1_01	133	0.41	0.27	0.35	NA	0.41	0.08	0.27	0.08	NA	0.5	0.21	0.58	NA	0.43	0.15	0.21	0.37	0.33
V$YY1_01	246	0.46	NA	0.35	0.19	NA	0.1	0.17	0.47	0.12	0.42	0.37	0.36	NA	0.09	0.17	0.4	NA	0.37
V$YY1_02	242	0.48	0.27	0.39	0.26	0.21	NA	NA	0.4	NA	0.16	0.52	0.4	NA	0.45	0.08	0.18	NA	0.18
V$YY1_Q6	245	0.46	0.31	0.22	0.26	0.03	0.11	0.2	0.48	0.42	0.04	NA	0.03	0.17	0.08	0.08	0.25	NA	0
V$ZF5_01	238	0.45	NA	0.13	0.35	0.07	0.01	0.08	NA	0.02	0.21	0.14	0.12	NA	0.42	0.18	0.26	0.06	0.01
V$ZF5_B	239	0.36	NA	0.13	0.5	0.18	0.05	0.06	0.12	NA	0.09	NA	0.04	NA	0.44	NA	0.07	0.14	0.15
V$ZIC1_01	261	0.24	0.29	0.5	0.45	0.25	0.13	0.11	0.23	0.19	0.4	0.27	0.35	0.34	0.19	0.36	0.2	NA	0.38
V$ZIC2_01	247	0.26	NA	0.2	NA	0.55	NA	0.06	NA	0.49	NA	0.3	0.35	NA	0.45	0.15	0.23	NA	0.49
V$ZIC3_01	255	0.3	0.35	0.43	0.19	0.3	NA	NA	0.47	0.13	0.13	0.46	0.15	NA	0.31	0.06	0.46	0.26	0.4
V$ZID_01	259	0.17	0.45	0.17	0.36	0.07	0.03	NA	0.13	0.12	0.3	0.53	0.21	NA	0.43	0.44	0.1	NA	NA
WCAANNNYCAG_UNKNOWN	254	0.33	NA	0.39	0.43	0.31	0.21	0.11	0.38	NA	0.39	0.45	0.31	0.38	0.28	0.55	0.41	0.17	0.23
WCTCNATGGY_UNKNOWN	82	0.44	0.47	0.21	0.1	0.04	0.16	0.32	NA	NA	0.09	0.19	NA	NA	0.43	NA	0.44	0.14	0.21
WGGAATGY_V$TEF1_Q6	378	0.38	0.17	0.31	0.33	0.11	0.2	NA	0.08	0.14	0.3	0.16	0.24	0.43	0.4	0.03	0.41	0.21	0.3
WWTAAGGC_UNKNOWN	142	0.53	0.13	0.57	0.19	0.09	NA	0.53	0.1	NA	NA	0.3	0.06	0.44	0.16	0.28	0.23	0.07	0.23
YATGNWAAT_V$OCT_C	360	0.08	0.46	0.09	0.05	0.25	0.32	0.31	0.29	NA	0.03	0.48	0.4	0.29	0.21	0.01	0.01	0.28	0.04
YATTNATC_UNKNOWN	377	0.24	0.33	0.13	0.06	0.17	0.35	0.19	0.29	0.13	0	0.06	0.16	0.38	0.29	0.07	0.3	0.07	0.14
YGACNNYACAR_UNKNOWN	96	0.33	0.49	0.2	0.22	NA	0.05	0.25	0.13	0.35	NA	0.1	0.4	NA	0.32	0.51	0.18	0.45	0.28
YGCANTGCR_UNKNOWN	126	0.37	0.45	0.28	NA	0.36	0.19	NA	NA	0.13	NA	0.5	0.36	0.35	0.46	0.53	0.28	0.25	0.38
YGCGYRCGC_UNKNOWN	319	0.27	0.15	0.05	0.09	0.02	0.07	0.15	0.04	0.13	0.04	0.07	0.13	0.1	0.07	0.05	0.39	0.02	0
YGTCCTTGR_UNKNOWN	98	0.3	NA	0.04	0.28	0.33	NA	0.23	0.02	0.12	0.09	0.38	0.38	0	0.41	0.32	0.22	0.15	0.31
YKACATTT_UNKNOWN	276	0.29	0.24	0.16	0.44	0.1	0.05	0.03	0.21	0.43	0	0.22	0.09	0.05	0.02	0.28	0.45	0.17	0.45
YNGTTNNNATT_UNKNOWN	365	0.15	0.01	0.01	0.08	0.01	0.31	0.11	0.11	0.16	0.07	0.02	0.03	0.02	0.11	0.29	0.09	0.04	0.25
YRTCANNRCGC_UNKNOWN	65	0.32	0.02	0.39	0.04	0.25	0.22	0.42	NA	NA	0.56	0.19	0.14	NA	0.15	0.43	0.45	0.56	0.37
YTAATTAA_V$LHX3_01	184	0.08	0.33	0.06	NA	0.04	NA	0.09	0.06	0.38	0	0.22	0	0.33	0.02	NA	0.24	0	0.34
YTAAYNGCT_UNKNOWN	151	0.13	0.22	0.15	0.25	0.11	0.29	0.06	NA	0.19	0.27	0.05	0.23	0.22	0.45	0.25	0.47	0.32	0.19
YTCCCRNNAGGY_UNKNOWN	72	0.36	0.29	0.41	0.2	0.4	NA	0.1	NA	0.09	0.13	0.1	0.26	NA	0.19	0.4	0.04	0.13	0.18
YWATTWNNRGCT_UNKNOWN	70	0.28	NA	0.1	0.39	0.25	NA	0.25	NA	NA	0.1	0.08	0.48	0.28	0.41	NA	0.1	0.06	0.22
YYCATTCAWW_UNKNOWN	191	0.12	NA	0.24	0.08	0.03	NA	0.37	0.07	0.01	0.2	0.12	0	0.07	0.02	0.14	0.49	0.13	0.05
