pathway	num_genes	CAL	DFHCC	DFHCC2	EXPO	GSE25066	GSE32646	GSE58644	IRB	MAINZ	MAQC2	METABRIC	PNC	STK	STNO2	TRANSBIG	UNC4	UNT	UPP
AAANWWTGC_UNKNOWN	193	-0.0466	-0.1359	-0.2949	-0.1566	-0.2112	-0.113	-0.2106	-0.2665	-0.0601	-0.2412	-0.1988	-0.247	-0.1114	-0.2401	-0.0116	0.0253	-0.2597	-0.2485
AAAYRNCTG_UNKNOWN	374	-0.0323	-0.1349	-0.1486	-0.147	-0.1785	-0.1127	-0.2338	-0.1186	-0.2322	-0.1294	-0.1774	-0.1391	-0.1544	-0.1012	-0.1857	-0.0533	-0.1533	-0.1776
AAAYWAACM_V$HFH4_01	254	-0.1252	-0.1199	-0.1914	-0.1512	-0.2338	-0.1864	-0.1356	-0.1438	-0.2187	-0.1726	-0.1176	-0.1848	-0.2238	-0.1679	-0.1377	-0.0867	-0.1351	-0.1494
AACWWCAANK_UNKNOWN	142	-0.0336	0.1185	0.0829	0.1369	0.0383	0.0794	-0.1085	-0.039	-0.0854	-0.1058	0.1666	0.1088	0.0856	-0.1378	-0.0432	0.0637	0.1433	0.1066
AAGWWRNYGGC_UNKNOWN	119	0.0696	0.1215	0.1053	0.1191	0.0395	NA	0.1172	-0.1595	NA	0.082	-0.1503	0.1471	-0.0151	0.2023	NA	-0.0665	0.0871	0.0446
ACAWNRNSRCGG_UNKNOWN	63	-0.0456	-0.1606	NA	0.068	0.1835	-0.0049	0.1421	-0.1557	-0.0301	0.0973	0.0923	0.127	NA	0.1558	-0.0286	-0.0688	-0.0795	-0.0998
ACAWYAAAG_UNKNOWN	103	0.0351	NA	-0.1139	0.0493	-0.0025	0.1463	-0.0504	-0.0454	-0.0679	-0.0827	-0.0245	NA	-0.1153	0.1698	-0.1191	-0.27	-0.0363	NA
ACCTGTTG_UNKNOWN	154	0.0981	NA	0.0322	-0.0865	-0.1197	-0.0411	-0.0337	NA	-0.1009	-0.0176	NA	-0.0013	-0.006	0.1713	-0.0137	0.1152	-0.0767	-0.0229
ACTWSNACTNY_UNKNOWN	103	-0.0172	-0.0453	0.1364	0.0889	0.1489	0.0686	0.2089	NA	NA	-0.0125	0.1196	0.1691	0.1277	0.171	NA	0.1809	0.1329	0.0605
AGCYRWTTC_UNKNOWN	122	0.1274	-0.1102	-0.0326	-0.1562	-0.1897	-0.1575	-0.1887	-0.0657	-0.2558	-0.1941	-0.0882	-0.0485	-0.0633	0.015	-0.2727	0.0802	-0.0072	-0.1195
ARGGGTTAA_UNKNOWN	121	0.1425	-0.0072	-0.0259	-0.0304	-0.0305	NA	0.0407	-0.0042	-0.0284	-0.1385	-0.0311	-0.1063	NA	-0.0808	-0.2537	0.0326	-0.04	-0.0588
ATCMNTCCGY_UNKNOWN	51	-0.0894	0.1676	0.5598	0.3109	0.3671	-0.04	0.3459	0.5366	0.1198	0.2469	0.5708	0.3817	0.2058	0.0244	NA	0.1821	0.2548	0.2542
ATGGYGGA_UNKNOWN	102	-0.0804	0.1206	0.155	0.1807	0.2211	NA	0.2014	NA	-0.0087	0.3824	0.2986	0.2703	NA	0.0712	0.1776	0.3419	0.1591	0.068
CAGNYGKNAAA_UNKNOWN	75	-0.1296	-0.0243	-0.0579	-0.1216	-0.0778	-0.3155	-0.0977	NA	-0.1857	-0.082	-0.1463	-0.237	-0.1243	-0.4697	NA	-0.0157	-0.3358	-0.1909
CATRRAGC_UNKNOWN	138	0.2347	-0.0022	0.0106	-0.0571	-0.0128	NA	-0.0411	-0.0334	-0.0097	0.0338	-0.0732	-0.0526	NA	-0.0549	0.0986	0.1685	-0.0508	-0.0671
CATTGTYY_V$SOX9_B1	358	-0.0898	0.1067	0.0561	0.0679	-0.061	NA	-0.0687	-0.0775	0.0839	0.0293	NA	-0.0095	-0.0246	0.1121	0.0803	-0.1108	-0.0416	0.0664
CCANNAGRKGGC_UNKNOWN	117	-0.0818	-0.0167	-0.0707	-0.1824	-0.2324	-0.0688	-0.0244	NA	-0.1793	-0.055	-0.1505	-0.2253	-0.07	0.2507	-0.378	0.1472	-0.0578	-0.2943
CCAWWNAAGG_V$SRF_Q4	87	-0.4443	-0.3419	-0.2226	-0.2107	-0.439	-0.1546	-0.2051	-0.3966	NA	-0.0495	-0.3454	-0.271	-0.2148	0.0435	-0.1651	-0.0567	-0.1231	-0.0757
CCAWYNNGAAR_UNKNOWN	145	0.1704	0.1431	0.1007	0.1612	0.2353	0.1558	0.1913	0.0562	0.2651	0.1756	0.193	0.219	0.2818	0.099	0.1803	0.1737	0.1771	0.2509
CCCNNGGGAR_V$OLF1_01	320	0.0781	-0.1497	-0.0704	-0.0695	-0.0943	-0.0482	0.0399	-0.1041	-0.0058	-0.0816	-0.035	-0.051	NA	-0.0882	-0.0188	0.0318	0.0848	-0.0296
CCGNMNNTNACG_UNKNOWN	77	-0.1518	0.2374	0.4722	0.4578	0.3697	0.1048	0.1088	0.2362	0.199	0.3077	0.1796	0.2824	0.2235	-0.0391	0.1098	0.5459	0.2193	0.269
CCTNTMAGA_UNKNOWN	127	0.1247	-0.1058	-0.0971	-0.0699	-0.0582	0.0582	0.074	-0.1166	NA	0.0841	-0.0234	-0.1304	-0.0103	0.0653	-0.1101	0.0983	-0.0519	-0.0204
CGGAARNGGCNG_UNKNOWN	51	-0.033	-0.1004	0.3463	0.2239	0.1263	0.0689	0.2567	0.1794	-0.143	NA	0.1381	0.0793	-0.0232	0.292	-0.0726	0.1221	0.2721	0.0834
CGTSACG_V$PAX3_B	148	-0.2458	NA	-0.0181	0.182	0.086	-0.023	-0.0479	NA	NA	0.0621	NA	0.0679	-0.0055	-0.0166	NA	0.0485	-0.0493	0.0556
CTCNANGTGNY_UNKNOWN	91	-0.0183	NA	0.0702	-0.0927	0.2061	NA	0.1796	0.0999	NA	0.2558	NA	-0.0399	-0.0149	-0.2255	NA	0.0299	-0.0272	-0.0433
CTGRYYYNATT_UNKNOWN	72	0.0776	NA	NA	-0.2178	-0.3725	NA	-0.1759	0.0831	NA	-0.4989	-0.078	0.1293	-0.0142	-0.2904	-0.3629	-0.14	-0.0204	-0.1119
CTGYNNCTYTAA_UNKNOWN	84	0.2049	-0.0149	-0.0476	NA	NA	-0.0213	-0.0781	-0.0244	-0.0424	-0.0792	NA	-0.0372	-0.0196	-0.2245	-0.0394	-0.2854	NA	-0.0036
CYTAGCAAY_UNKNOWN	147	0.1954	NA	-0.0234	-0.0516	0.053	-0.1385	-0.1949	-2e-04	-0.2096	0.0467	-0.1753	-0.1362	-0.0988	0.0778	-0.2873	-0.2701	-0.0393	-0.2302
GAANYNYGACNY_UNKNOWN	75	-0.1022	NA	0.0949	0.1779	NA	-0.1831	0.0869	0.1328	0.0997	NA	0.1738	-0.044	NA	0.0044	-0.1195	0.0811	0.147	-0.054
GATAAGR_V$GATA_C	295	0.1196	-0.0312	-0.0901	-0.1511	-0.1486	-0.0481	-0.0055	-0.0505	-0.0788	-0.2396	-0.0292	-0.1098	-0.0746	-0.0989	-0.0302	0.0956	-0.0512	-0.0561
GATGKMRGCG_UNKNOWN	65	0.1013	-0.2025	-0.052	-0.139	-0.0219	-0.0266	-0.1894	-0.239	NA	-0.07	-0.0827	0.1229	-0.0745	0.4175	-0.1014	-0.1085	0.1121	0.0392
GCCATNTTG_V$YY1_Q6	427	0.0297	0.0846	0.139	0.2965	0.2256	0.081	0.1921	NA	0.1245	0.209	0.1592	0.2079	0.1427	-0.0356	0.1279	-0.1082	0.1716	0.1794
GCCNNNWTAAR_UNKNOWN	149	-0.0085	-0.196	-0.1538	-0.1251	-0.1705	-0.0273	-0.0349	-0.1832	-0.103	-0.2229	-0.0922	-0.1227	-0.0842	0.1156	-0.0836	0.1008	-0.1188	-0.1476
GCGNNANTTCC_UNKNOWN	123	-0.0516	-0.0203	0.2269	0.2592	0.3393	-0.0413	0.1113	0.1186	0.0804	0.0746	0.0922	0.1864	0.2297	-0.1746	0.1412	0.0225	0.1192	0.3512
GCGSCMNTTT_UNKNOWN	69	-0.0332	0.1639	0.1828	0.6022	0.1506	NA	0.2881	0.2249	-0.0108	0.082	0.3856	0.2922	0.1747	-0.2366	0.225	0.1871	0.4587	0.0757
GCTNWTTGK_UNKNOWN	306	-0.0792	0.1029	0.028	0.0683	0.1075	-0.0189	-0.0544	0.1486	0.1563	0.1145	-0.025	-0.0184	0.0875	0.1329	0.1893	0.0566	0.1	0.1547
GGAANCGGAANY_UNKNOWN	106	-0.099	NA	0.4247	0.4096	0.5432	0.2274	0.1856	0.1961	0.1467	0.6008	0.3206	0.2978	0.3323	0.4805	0.2506	0.0708	0.3439	0.4537
GGARNTKYCCA_UNKNOWN	78	-0.0529	-0.0985	-0.1094	-0.0181	0.1252	NA	-0.0792	NA	-0.0025	-0.0867	NA	-0.1381	NA	0.2223	-0.1272	-0.0119	-0.0711	-0.0153
GGCKCATGS_UNKNOWN	66	0.0485	NA	0.0694	-0.0614	NA	NA	-0.0988	NA	-0.1077	-0.077	-0.0307	-0.0679	-0.0412	0.2839	-0.0158	0.1121	0.1751	0.1263
GGCNKCCATNK_UNKNOWN	118	-0.1328	NA	0.1806	0.2091	0.2782	-0.0648	NA	-0.0729	-0.0151	0.3938	NA	NA	-0.1667	0.0786	0.261	0.2874	-0.0035	0.0689
GGCNRNWCTTYS_UNKNOWN	83	0.0132	-0.0862	0.1316	0.1714	-0.1013	-0.0266	NA	-0.1092	-0.0152	NA	NA	0.0615	NA	0.1375	-0.1132	0.0378	-0.0275	NA
GGGNRMNNYCAT_UNKNOWN	82	0.0442	-0.054	-0.0078	0.0735	0.0607	-0.0754	-0.1289	-0.0545	-0.2418	0.0794	-0.1324	0.1165	-0.0411	0.0062	-0.106	0.0857	0.1608	-0.0136
GTCNYYATGR_UNKNOWN	111	0.1	-0.0231	0.0514	-0.0182	NA	0.0563	-0.0667	NA	0.0975	-0.0306	-0.1068	0.0444	-0.0284	-0.1101	NA	0.1647	-0.0423	NA
GTGGGTGK_UNKNOWN	293	0.0111	-0.1008	-0.0705	-0.1266	-0.1921	-0.0013	-0.0355	-0.0778	-0.1455	-0.2231	-0.1047	-0.1212	-0.1002	-0.1178	-0.2568	-0.058	-0.0988	-0.0205
GTTRYCATRR_UNKNOWN	172	0.2311	NA	0.0115	-0.2251	NA	NA	NA	NA	NA	0.0772	-0.0355	-0.0222	-0.0617	-0.2734	-0.0794	-0.0685	-4e-04	-0.0582
KCCGNSWTTT_UNKNOWN	105	-0.0485	NA	0.0819	0.1005	0.2087	-0.0449	NA	NA	-0.0877	0.3999	-0.0153	-0.0014	-0.0189	0.2838	0.2061	0.051	-0.015	NA
KMCATNNWGGA_UNKNOWN	90	0.0085	-0.0495	-0.1204	0.1498	NA	-0.0273	-0.1083	-0.0249	0.0864	0.1566	-0.002	0.0493	-0.0544	0.0736	NA	-0.2093	NA	NA
KTGGYRSGAA_UNKNOWN	76	-0.1426	0.36	0.4298	0.5678	0.8508	0.4012	0.6711	0.4901	0.4814	0.507	0.8143	0.6342	0.7166	0.7768	0.7136	-0.0338	0.818	0.5379
RAAGNYNNCTTY_UNKNOWN	145	0.0045	NA	-0.0641	-0.1025	-0.1326	-0.1241	-0.2443	-0.0213	-0.0478	-0.1197	NA	-0.0221	-0.0071	0.0653	NA	0.0975	-0.1354	-0.0584
RACCACAR_V$AML_Q6	261	-0.3194	-0.023	0.0779	-0.0036	0.033	-0.0478	0.0151	NA	-0.0642	NA	NA	0.0918	-0.0032	0.1088	-0.003	-0.067	0.0762	0.0511
RACTNNRTTTNC_UNKNOWN	123	0.0456	-0.0909	0.2122	0.1632	0.0504	-0.0312	0.1804	NA	-0.0357	0.1574	0.1197	0.1805	0.1869	0.1725	NA	0.1866	0.2724	0.1309
RGAANNTTC_V$HSF1_01	446	-0.0377	NA	-0.0552	0.1521	0.0548	-0.0859	-0.0221	0.1278	-0.0594	0.0542	0.0716	NA	0.0489	0.1169	0.0761	0.0771	NA	0.0356
RRAGTTGT_UNKNOWN	251	0.038	NA	-0.1379	NA	-0.0284	NA	-0.1731	-0.1105	-0.0975	-0.0399	-0.1078	-0.0565	-0.0739	0.0536	-0.0487	-0.0303	-0.1891	-0.0495
RRCCGTTA_UNKNOWN	87	0.0097	0.3761	0.2313	0.5956	0.6016	-0.0398	0.2963	0.4317	0.2835	0.5036	0.3616	0.4232	0.3692	0.5245	0.3749	0.031	0.368	0.5498
RTTTNNNYTGGM_UNKNOWN	153	-0.0684	-0.1592	-0.1604	-0.0689	-0.2896	-0.0827	-0.2898	-0.086	-0.1984	-0.3353	-0.0656	-0.1066	-0.1112	-0.4046	-0.1436	0.2294	-0.1538	-0.1123
RYTGCNWTGGNR_UNKNOWN	116	0.2346	NA	-0.0374	-0.1698	-0.0301	-0.0251	0.0309	NA	-0.0691	-0.0513	NA	-0.0408	NA	-0.0645	-0.109	-0.0723	NA	NA
SMTTTTGT_UNKNOWN	402	-0.012	-0.0499	-0.0158	-0.0067	0.0187	NA	-0.0146	-0.0297	-0.0585	NA	-0.0019	NA	-0.0033	-0.1303	0.0682	0.1351	-0.055	NA
STTTCRNTTT_V$IRF_Q6	188	-0.0517	0.2149	0.36	0.2946	0.195	NA	0.3314	0.2307	0.1571	0.1199	0.2803	0.427	0.2022	0.3628	0.2463	0.0429	0.0927	0.1535
SYATTGTG_UNKNOWN	235	0.0282	NA	NA	-0.0265	0.0834	-0.0276	-0.0361	-0.0525	NA	-0.0104	0.0289	NA	NA	0.1807	NA	0.0339	-0.0736	-0.0133
TAANNYSGCG_UNKNOWN	80	-0.0281	NA	0.1404	0.1575	0.0786	0.079	-0.2044	NA	-0.0803	0.1967	-0.0533	-0.032	-0.0384	0.1134	-0.032	0.3528	-0.083	0.0773
TAAYNRNNTCC_UNKNOWN	172	0.1017	0.0972	-0.1207	-0.0905	-0.1364	-0.1081	-0.134	NA	-0.1171	-0.1542	-0.0029	-0.1869	-0.1052	0.0212	-0.2182	-0.0833	-0.0703	-0.0822
TCCATTKW_UNKNOWN	239	-0.0156	NA	0.0773	0.1049	-0.0148	-0.1364	-0.1534	0.0615	-0.0773	0.0842	-0.0543	-0.0381	-0.102	0.0647	-0.0478	0.0164	-0.0593	-0.1065
TCCCRNNRTGC_UNKNOWN	213	0.0417	0.1775	0.2514	0.3051	0.3528	0.093	0.3695	0.1916	0.2733	0.0964	0.2881	0.2637	0.2288	0.1483	0.2423	-0.0169	0.1428	0.2254
TGACCTTG_V$SF1_Q6	249	0.1386	0.1186	0.1238	-0.0682	0.0811	0.1006	0.1316	0.1725	0.1847	0.0484	0.0873	0.0704	0.1526	0.0885	0.0853	0.1415	0.1018	-0.0032
TGACGTCA_V$ATF3_Q6	231	-0.0138	NA	0.0607	0.2067	0.1226	0.1554	-0.0466	0.0997	NA	0.0911	0.0759	0.1426	NA	0.0511	0.0895	-0.0936	0.0562	0.1078
TGASTMAGC_V$NFE2_01	195	0.1075	NA	0.1252	-0.0031	0.0743	NA	0.2137	0.184	0.2279	0.0316	0.1652	0.0921	NA	0.2735	NA	-0.0678	0.1479	NA
TGATTTRY_V$GFI1_01	294	0.1304	-0.0503	-0.19	-0.2129	-0.1664	-0.1697	-0.2024	-0.1146	-0.1293	-0.2271	-0.1419	-0.1922	-0.2293	-0.095	-0.1711	0.0691	-0.2662	-0.2022
TMTCGCGANR_UNKNOWN	160	-0.0353	NA	0.3889	0.4771	0.2026	NA	-0.1427	0.2235	NA	0.1776	0.2419	0.2455	NA	0.2128	NA	0.2572	0.2293	0.1486
TNCATNTCCYR_UNKNOWN	131	-0.0718	NA	0.0131	0.1044	NA	0.0476	0.0255	NA	-0.0727	-0.0405	-0.0861	NA	-0.1084	0.0552	-0.0351	0.1401	0.151	NA
TTANWNANTGGM_UNKNOWN	65	0.0661	-0.1601	-0.2225	NA	-0.1586	-0.0769	-0.3744	NA	-0.0201	-0.4617	-0.0545	-0.0049	-0.1129	-0.5067	-0.1323	0.1469	-0.1248	-0.1328
TTAYRTAA_V$E4BP4_01	265	-0.0804	-0.0908	-0.0648	-0.0759	-0.1212	-0.0588	-0.2103	-0.2153	-0.1453	-0.0966	-0.1177	-0.1587	-0.1702	0.0434	-0.1281	-0.0249	-0.1961	-0.0517
TTCYRGAA_UNKNOWN	326	0.0421	0.0939	0.0564	0.1422	0.1519	-0.0056	-2e-04	0.1604	NA	0.1773	0.0833	0.0569	0.0804	-0.0531	0.1503	0.0868	0.0231	0.1918
TTGCWCAAY_V$CEBPB_02	63	-0.0801	-0.1226	0.1409	0.2773	0.1509	-0.0474	0.1079	-0.147	NA	NA	0.2704	-0.0539	NA	0.2473	NA	0.0376	0.2066	0.166
TTTNNANAGCYR_UNKNOWN	133	0.2195	NA	0.0939	0.156	0.1858	0.3507	0.5157	0.0825	0.4088	0.2344	0.1312	0.0884	NA	-0.1586	NA	0.1852	0.2048	0.1025
V$AFP1_Q6	264	-0.0837	-0.1359	-0.1546	-0.0838	-0.1131	-0.1664	-0.1752	-0.1275	-0.1025	-0.0274	-0.0964	-0.2162	-0.1554	-0.091	-0.1982	0.0328	-0.0868	-0.1056
V$AHR_01	64	-0.1336	-0.0849	0.0776	0.0609	-0.0131	0.2416	-0.0484	-0.104	-0.0829	0.0641	-0.0355	-0.0268	-0.0497	0.2272	-0.0554	-0.1349	-0.0234	NA
V$AHR_Q5	215	0.0462	0.0966	0.1084	0.1031	0.1248	0.0571	-0.0136	0.0837	NA	0.0913	0.0738	0.0672	NA	0.2476	NA	-0.0949	0.0649	0.0517
V$AHRARNT_01	140	-0.207	-0.0456	-0.0323	-6e-04	0.1023	NA	0.0829	-0.0485	NA	0.0781	NA	-0.0741	-0.0168	-0.0446	0.1252	-0.0073	-0.0043	0.0751
V$AHRARNT_02	15	-0.3366	-0.4746	-0.26	-0.1775	-0.3017	0.3969	-0.0381	0.2888	-0.1215	NA	-0.1959	NA	-0.8328	0.1056	-0.0975	0.2034	-0.634	-0.5318
V$ALPHACP1_01	260	0.0414	0.1528	0.1198	0.1041	0.193	NA	0.1288	0.1465	0.1288	0.114	0.108	0.1174	0.1823	-0.0034	0.1624	-0.0434	0.1726	0.1638
V$ALX4_01	16	-1.6129	0.3591	-0.1373	-0.0214	-0.0393	0.3019	-0.1848	0.1315	NA	0.8008	0.2024	0.088	-0.01	-0.3329	-0.394	-0.1783	-0.0181	-0.1449
V$AMEF2_Q6	259	0.0806	NA	-0.1308	-0.1024	-0.0817	-0.0612	-0.1136	-0.0601	-0.074	-0.1324	-0.1682	-0.1552	-0.053	-0.1094	-0.0692	0.0432	-0.0622	-0.1835
V$AML_Q6	266	-0.1791	NA	NA	-0.0053	NA	NA	-0.0065	NA	0.1386	-0.0232	0.0641	0.1012	NA	0.0922	-0.0831	-0.0247	-5e-04	0.0663
V$AML1_01	263	-0.2028	NA	NA	NA	-0.0193	-0.0378	-0.0457	-0.0193	-0.1469	-0.0333	NA	-0.0105	-0.0088	0.1182	NA	-0.2969	-0.0165	-0.0136
V$AML1_Q6	263	-0.2028	NA	NA	NA	-0.0193	-0.0378	-0.0457	-0.0193	-0.1469	-0.0333	NA	-0.0105	-0.0088	0.1182	NA	-0.2969	-0.0165	-0.0136
V$AP1_01	267	0.1222	-0.0457	-0.0149	0.0488	0.0547	NA	0.0438	NA	-0.0011	NA	0.044	-0.0083	-0.0391	0.2126	NA	-0.1846	-0.0421	-0.0416
V$AP1_C	275	0.1744	-0.0271	-0.0489	-0.0935	-0.0278	-0.0312	0.0235	-0.0341	NA	-0.0175	-0.0991	-0.0124	-0.0096	0.076	-0.1302	-0.1075	-0.0027	-0.047
V$AP1_Q2	265	-0.0285	-0.0337	-0.052	-0.0661	-0.0714	NA	0.0304	0.0477	-0.0162	-0.1509	-0.1064	-8e-04	-0.0204	-0.0544	-0.1884	-0.046	-0.0924	-0.0596
V$AP1_Q2_01	275	0.0613	-0.0427	0.018	-0.0075	NA	NA	0.0417	-0.0241	-0.0231	NA	-0.0248	-0.0062	-0.082	0.0555	NA	-0.1521	0.03	-0.0062
V$AP1_Q4	271	0.0187	NA	0.0996	0.0177	-0.0221	NA	0.0813	0.1203	0.0907	-0.0079	0.1235	0.0735	NA	-0.0198	NA	-0.0223	-0.0028	0.1035
V$AP1_Q4_01	261	0.1654	-0.0413	0.0801	-0.0148	-0.0559	NA	0.1011	NA	NA	-0.0162	0.0875	0.0714	-0.0014	-0.0104	-0.0772	-0.1488	0.038	-0.0092
V$AP1_Q6	259	0.1449	NA	0.0252	-0.0029	-0.0628	-0.0251	0.1492	0.0886	NA	-0.0066	0.1402	0.0712	NA	0.0576	-0.0057	-0.061	NA	NA
V$AP1_Q6_01	264	-0.0139	NA	0.0803	0.0218	NA	-0.0316	0.1347	0.0992	-0.0157	NA	0.1142	0.062	-0.0138	0.0068	-0.0069	-0.0885	NA	-0.015
V$AP1FJ_Q2	268	5e-04	NA	-0.0051	-0.0339	-0.0506	NA	0.0419	NA	NA	-0.1408	-0.0672	-0.0238	-0.0091	-0.0507	-0.0975	-0.1275	-0.0383	-0.0796
V$AP2_Q3	251	0.1243	NA	0.0435	0.0662	0.0218	0.1115	0.1814	0.0881	NA	0.0925	0.0533	0.074	0.0469	-0.1429	-0.0047	0.095	-0.0165	0.0908
V$AP2_Q6	258	0.0829	0.091	0.0936	0.0779	-0.0241	0.0682	0.1519	0.1035	-0.0088	0.0435	0.0529	0.0956	0.0847	-0.0663	0.1226	0.2269	0.0658	0.1962
V$AP2_Q6_01	272	0.187	NA	0.0173	-0.0103	0.0971	0.0852	0.1788	0.0926	-0.0426	0.0611	-0.0254	-0.0321	NA	-0.1243	-0.0102	-0.0883	NA	0.0943
V$AP2ALPHA_01	241	0.0191	NA	0.0401	NA	0.0448	0.1992	0.189	NA	NA	0.069	0.1237	NA	NA	0.0735	-0.0122	-0.0569	0.1422	0.0572
V$AP2GAMMA_01	250	0.0607	NA	0.018	0.0334	-0.044	NA	0.1767	NA	NA	-0.0069	0.1157	-0.0403	NA	0.0875	-0.0256	-0.1583	0.1196	0.0633
V$AP2REP_01	178	0.0586	-0.0718	0.0597	-0.0142	-0.165	-0.0173	0.1239	-0.066	-0.0249	-0.1487	-0.0793	-0.1615	NA	0.2288	NA	-0.1069	-0.0725	-0.042
V$AP3_Q6	247	0.0854	NA	-0.0376	-0.009	-0.1319	-0.1068	-0.0971	-0.0842	-0.1401	-0.0379	-0.0352	-0.1389	-0.0772	-0.1977	-0.1432	-0.0401	-0.1007	-0.039
V$AP4_01	262	0.0678	NA	-0.0185	-0.0461	-0.0748	-0.0234	-0.0023	NA	-0.0834	-0.0141	0.0388	NA	NA	-0.1257	-0.0613	0.0719	-0.0205	0.0244
V$AP4_Q5	273	-0.0081	-0.0758	-0.0517	-0.1484	0.0293	-0.0581	-0.0564	-0.0103	-0.098	-0.0868	-0.1056	-0.0676	-0.0463	-0.0454	-0.1459	-0.0932	-0.0821	-0.0173
V$AP4_Q6	226	0.1249	-0.1184	-0.1127	-0.2416	-0.0552	-0.1303	-0.0401	-0.1261	-0.1118	-0.1046	-0.0885	-0.1317	-0.0259	-0.2085	-0.2676	-0.1995	-0.0052	-0.0185
V$AP4_Q6_01	255	0.0606	-0.0529	-0.0322	-0.0952	0.0282	0.0496	0.0219	-0.0246	0.1363	-0.0679	-0.0018	0.0163	NA	NA	NA	0.0573	-9e-04	0.0773
V$AR_01	157	-0.1555	-0.0732	0.085	-0.2274	-0.0747	-0.0865	0.0989	-0.0516	-0.149	-0.0569	-0.0465	0.063	NA	-0.2582	-0.1872	-0.1916	-0.025	-0.0986
V$AR_02	40	0.0181	-0.0655	0.1456	-0.0769	-0.1109	-0.3564	0.1685	-0.2076	-0.3394	-0.0292	NA	-0.0743	-0.1945	-0.9683	-0.0441	0.1127	-0.0327	-0.2735
V$AR_03	59	0.0331	NA	0.1086	-0.096	-0.0364	-0.4201	-0.0529	-0.1136	-0.3812	0.262	-0.0797	NA	-0.3228	-0.6037	-0.0077	-0.0385	-0.0156	-0.1565
V$AR_Q2	125	0.0194	-0.0338	-0.1074	-0.1279	-0.0101	0.0664	-0.0742	-0.0795	NA	0.1355	-0.0442	-0.0339	NA	-0.1038	-0.0267	-0.0417	0.0508	-0.1426
V$AR_Q6	259	0.0243	-0.0678	-0.0504	-0.0931	-0.0321	-0.0203	-0.023	-0.017	-0.1327	-0.0211	-0.0758	0.0339	-0.0406	-0.0746	-0.0372	0.0141	-0.0638	-0.0431
V$AREB6_01	271	0.1269	-0.0706	0.0338	-0.1167	NA	-0.0338	0.0135	-0.0072	NA	0.0989	-0.045	-0.016	-0.0521	NA	-0.1453	-0.2951	-0.0222	0.0351
V$AREB6_02	254	0.1684	NA	0.0601	-0.0298	0.0471	-0.0862	0.0625	-0.0573	-0.0102	-0.0338	NA	-2e-04	-1e-04	0.1524	-0.0784	-0.028	0.0327	NA
V$AREB6_03	258	0.1614	-0.1116	-0.0413	-0.124	NA	-0.0209	-0.006	-0.0869	-0.0407	-0.0612	-0.0554	-0.1713	-0.0777	-0.0331	-0.2564	0.1772	-0.0183	-0.1336
V$AREB6_04	252	-0.0977	-0.0414	-0.2102	NA	-0.0954	-0.0687	-0.135	-0.0885	-0.0697	-0.0742	-0.0596	-0.0475	-0.1194	-0.0424	-0.0294	0.0087	-0.0939	-0.0583
V$ARNT_01	261	0.0143	0.0604	0.1286	0.2184	0.1426	0.0485	0.081	0.0755	NA	0.0594	0.1366	0.1777	0.0704	0.0819	NA	0.0555	0.0936	0.1364
V$ARNT_02	248	-0.057	0.1346	0.192	0.3893	0.1106	0.0462	0.1697	0.2	0.0695	0.1006	0.2339	0.2925	0.1138	0.1061	0.0926	0.0457	0.2434	0.243
V$ARP1_01	165	0.0947	-0.0807	-0.1699	-0.0688	-0.198	-0.0811	-0.0543	-0.146	-0.2138	-0.1047	-0.1026	-0.0681	-0.2072	0.0232	-0.147	0.0954	-0.0311	-0.1501
V$ATF_01	259	-0.1283	0.0857	0.0425	0.0834	0.0739	NA	0.0226	0.0912	-0.0158	0.1365	-0.0115	0.0342	NA	0.0655	-0.0027	-0.1437	0.058	0.0533
V$ATF_B	187	-0.0742	0.1157	0.1112	0.1526	0.0724	0.1628	-0.1078	0.1698	-0.0125	0.1139	NA	0.0715	NA	-0.0164	NA	-0.075	0.0735	0.0681
V$ATF1_Q6	231	-0.0832	NA	0.0122	-0.0374	-0.073	-0.0341	-0.0151	NA	NA	0.0488	-0.0076	NA	-0.0489	-0.0816	-0.14	-0.1451	-0.002	-0.0611
V$ATF3_Q6	248	-0.0854	0.1164	0.0166	NA	NA	0.0633	-0.052	0.0797	NA	NA	-0.096	-0.0091	-0.0625	0.0133	NA	-0.0993	-0.0415	NA
V$ATF4_Q2	258	-0.0492	NA	-0.0061	0.1282	0.1604	0.1062	0.0751	-0.1004	NA	0.2195	NA	0.1613	NA	-0.1156	0.0696	-0.0542	0.0465	0.0825
V$ATF6_01	123	-0.0675	-0.1476	-0.0974	NA	-0.004	-0.1283	-0.0478	-0.1061	-0.0248	0.1616	-0.0921	-0.0504	-0.091	-0.0178	-0.1622	-0.1954	0.0409	-0.0331
V$BACH1_01	263	0.1515	-0.0319	0.0794	NA	-0.0216	NA	0.122	NA	NA	-0.0428	0.0793	0.0466	NA	0.0578	-0.0285	-0.0328	0.0926	NA
V$BACH2_01	271	0.0557	-0.0048	-0.0505	NA	NA	0.0761	0.05	NA	-0.0318	-0.0429	NA	-0.0159	-0.0108	0.0839	NA	-0.0573	-0.0287	-0.0275
V$BRN2_01	237	0.0019	-0.0693	0.039	-0.0083	NA	-0.1247	-0.1485	NA	-0.0132	0.0471	-0.0692	-0.0465	-0.0432	-0.0081	NA	-0.1536	-0.05	-0.05
V$CART1_01	226	0.0478	-0.0855	-0.185	-0.0709	-0.1505	-0.0895	-0.1927	-0.1578	-0.1087	-0.2257	-0.0979	-0.1399	-0.2247	-0.1736	-0.0943	-0.0089	-0.1653	-0.176
V$CDC5_01	256	-0.0271	-0.0984	-0.1149	-0.1094	-0.123	-0.0728	-0.1317	-0.0871	-0.0434	-0.0777	-0.1308	-0.1437	-0.1378	-0.0729	NA	0.2352	-0.1709	-0.1282
V$CDP_01	92	0.2092	-0.0623	-0.1796	-0.1246	-0.2161	-0.1144	-0.1393	-0.1058	-0.1772	-0.3371	-0.0899	-0.1345	-0.2509	-0.4762	-0.324	0.0684	-0.2649	-0.1311
V$CDP_02	108	0.0914	-0.0741	-0.1211	-0.0615	-0.0299	-0.0576	-0.1111	-0.0183	NA	-0.0692	-0.0061	0.0473	-0.1292	0.0739	-0.0791	-0.1002	-0.1447	-0.1214
V$CDPCR1_01	130	0.0447	NA	-0.175	-0.1144	-0.2029	NA	-0.0083	NA	NA	-0.1062	-0.0251	NA	NA	-0.103	-0.0645	0.2409	-0.1089	-0.104
V$CDPCR3_01	56	0.1711	-0.3079	-0.2695	-0.1404	-0.1414	-0.0753	-0.0873	-0.1295	-0.0628	-0.2754	-0.2532	-0.3292	-0.2566	-0.0953	-0.2288	0.0903	-0.1794	NA
V$CDPCR3HD_01	236	0.0537	-0.027	-0.1716	-0.0846	-0.146	-0.0567	-0.0965	NA	NA	-0.0738	-0.0514	-0.0275	NA	-0.0571	-0.0813	0.1693	-0.0423	-0.0423
V$CDX2_Q5	254	0.0714	-0.0283	-0.2266	-0.1318	-0.1376	-0.1344	-0.1832	-0.0553	-0.156	-0.2121	-0.1999	-0.1356	-0.1246	-0.2637	-0.117	0.0282	-0.3029	-0.1467
V$CEBP_01	272	-0.1973	NA	-0.0749	-0.0202	-0.0988	-0.1625	-0.0219	-0.0046	-0.0415	-0.1228	NA	-0.0886	-0.0527	-0.0553	-0.0074	0.003	-0.1251	-0.0644
V$CEBP_C	200	-0.1158	-0.0163	-0.083	0.0307	-0.0662	-0.0136	-0.1097	-0.0491	-0.0142	-0.0344	-0.0682	0.0541	-0.0795	0.0216	-0.0801	0.0585	-0.0959	-0.0427
V$CEBP_Q2	234	-0.211	-0.0579	-0.134	-0.0028	-0.1501	-0.0683	-0.1816	-0.1054	-0.1516	-0.1587	-0.0627	-0.1243	NA	0.0607	-0.0434	0.0045	-0.2072	-0.0428
V$CEBP_Q2_01	267	-0.1486	-0.1648	-0.071	-0.0719	-0.1993	-0.0538	-0.1352	-0.1922	-0.1655	-0.1699	-0.1695	-0.145	-0.1209	-0.1081	-0.1085	-0.0393	-0.1898	-0.16
V$CEBP_Q3	251	0.0479	-0.0021	-0.0051	-0.0097	-0.0559	NA	-0.1059	-0.0183	-0.0104	-0.0786	-0.0646	-0.0349	-0.167	-0.0398	NA	0.0322	-0.0958	-0.0263
V$CEBPA_01	244	-0.1255	NA	-0.0884	NA	-0.0934	0.1044	-0.0735	-0.1027	-0.149	-0.075	-0.0956	-0.0301	-0.073	-0.02	-0.0632	-0.0985	-0.0779	-0.0565
V$CEBPB_01	262	-0.1266	-0.0083	0.1276	0.0495	-0.0564	NA	0.0395	0.0535	-0.0416	-0.0424	0.069	NA	NA	0.0173	NA	0.0387	-0.0095	NA
V$CEBPB_02	258	-0.1642	-0.1088	-0.0867	NA	-0.1091	-0.0864	-0.2179	-0.1158	-0.1118	-0.0785	-0.1344	-0.1536	-0.0147	0.099	-0.0988	-0.0426	-0.1615	-0.0617
V$CEBPDELTA_Q6	240	-0.1381	-0.058	-0.099	-0.2096	-0.0837	-0.0184	-0.1097	-0.0641	NA	-0.1928	-0.0868	-0.1247	-0.0467	0.1139	-0.1029	-0.1183	-0.0489	-0.0938
V$CEBPGAMMA_Q6	257	-0.207	-0.0296	0.1157	-0.0362	-0.1471	NA	-0.0937	NA	-0.0753	-0.132	-0.0094	0.0281	0.0971	0.0701	NA	-0.035	-0.083	NA
V$CETS1P54_01	258	-0.1566	NA	0.1577	0.3119	0.2709	NA	0.1514	NA	0.172	0.2149	0.2488	0.2063	0.1643	0.1447	0.2061	-0.1266	0.3332	0.2359
V$CHOP_01	238	-0.0857	0.1161	-0.0035	0.077	-0.0403	-0.0361	-0.0591	NA	-0.0095	0.0591	-0.0733	-0.0738	-0.0768	0.0341	-0.0309	0.0897	-0.0852	0.0306
V$CHX10_01	225	0.0857	-0.071	-0.162	-0.1754	-0.2649	-0.0292	-0.1025	-0.1397	-0.0838	-0.2379	-0.1421	-0.2249	-0.0485	-0.0108	-0.1594	0.0562	-0.1385	-0.0632
V$CIZ_01	246	-0.0128	NA	-0.0755	0.0599	-0.0509	-0.0255	-0.0741	NA	-0.1141	-0.1789	NA	-0.1226	-0.0509	0.0479	NA	-0.0422	-0.1081	-0.1075
V$CMYB_01	249	0.0045	NA	0.093	0.0993	0.2052	-0.002	0.1929	0.1235	-0.0016	0.2204	0.1644	0.0959	NA	-0.009	NA	0.0181	0.0773	0.1352
V$COMP1_01	115	-0.1277	NA	-0.2322	-0.0594	-0.1082	-0.0557	-0.1153	NA	-0.1435	-0.0818	-0.1502	-0.2652	-0.1424	0.2519	-0.0961	-0.0013	-0.1274	-0.1105
V$COUP_01	263	0.0711	NA	0.0531	0.0265	0.1013	0.0562	-0.0023	NA	NA	0.1216	0.0384	0.1181	-0.0133	-8e-04	-0.0315	0.1275	0.0378	-0.0255
V$COUP_DR1_Q6	247	0.0821	-0.0213	0.1221	0.0467	0.1418	-0.0236	0.0588	NA	-0.0478	0.0704	0.0431	0.1189	-0.0251	-0.0696	-0.0569	0.0197	0.0618	-0.0285
V$CP2_01	260	-0.026	-0.0553	-0.0128	-0.0405	-0.0969	0.0973	-0.0076	-0.037	-0.0818	-0.0723	NA	0.0212	NA	-0.1523	-0.0765	-0.0919	-0.0194	-0.1375
V$CP2_02	253	0.0299	NA	0.0678	NA	-0.0467	NA	0.0957	-0.006	NA	-0.0029	0.0537	-0.0226	NA	0.0262	NA	0.0254	NA	0.087
V$CREB_01	262	-0.0069	0.1002	0.1206	0.2298	0.1725	0.172	-0.047	0.1432	NA	0.1219	0.0895	0.1731	NA	0.0476	0.0788	-0.1208	0.0733	0.1546
V$CREB_02	254	0.0257	-0.0765	0.0822	0.1374	0.0918	0.0648	-0.0211	-0.0065	NA	0.0623	-0.0056	0.0899	-0.0319	NA	NA	-0.2136	0.1101	0.0515
V$CREB_Q2	263	-0.1333	-0.0649	0.0099	0.0839	NA	NA	-0.0845	NA	0.0475	0.0726	-0.0063	0.0706	-0.0319	-0.0071	NA	-0.0239	NA	-0.0211
V$CREB_Q2_01	220	-0.0595	NA	0.1338	0.1452	0.1724	0.2454	-0.0094	-0.0216	NA	0.1763	NA	0.1349	0.089	-0.0566	NA	-0.2616	0.0444	0.1569
V$CREB_Q3	252	0.0185	NA	0.0305	0.1884	0.1135	0.0825	0.0512	-0.0135	0.0431	0.0824	0.0561	0.047	NA	0.0581	-0.0272	-0.132	0.1939	NA
V$CREB_Q4	268	-0.0678	-0.043	0.0125	0.0815	NA	0.082	-0.0529	-0.0653	-0.0501	0.0758	NA	0.1132	NA	0.0022	0.0783	-0.0429	0.0749	0.0377
V$CREB_Q4_01	211	-0.1069	NA	0.0464	0.1444	0.0997	0.2065	-0.0506	NA	-0.0239	0.116	NA	0.1057	NA	0.0162	NA	-0.1751	0.0571	0.1596
V$CREBP1_01	179	-0.0853	-0.1687	-0.0537	-0.0694	-0.1399	-0.016	-0.2306	-0.2168	-0.1326	-0.102	-0.1211	-0.089	-0.1252	0.0984	-0.1343	0.0054	-0.1488	-0.0023
V$CREBP1_Q2	254	-0.0763	-0.0994	-0.0408	-0.0133	-0.0025	NA	-0.0568	-0.0513	-0.0382	0.0275	NA	-0.0069	-0.0778	-0.0329	NA	0.1321	-0.0555	-0.0043
V$CREBP1CJUN_01	259	-0.0281	NA	0.0355	0.212	0.1266	0.1225	-0.0407	0.0788	NA	0.0791	0.0387	0.1253	-0.0138	1e-04	0.0874	-0.071	0.0485	0.0923
V$CREL_01	256	-0.071	NA	NA	0.0359	-0.0325	NA	0.0626	NA	-0.0195	-0.032	NA	NA	NA	0.1457	NA	-0.1491	0.0788	NA
V$CRX_Q4	269	0.0709	NA	-0.1672	-0.1682	-0.0745	-0.0414	-0.0829	-0.0485	-0.141	-0.1261	-0.1083	-0.1717	-0.0896	-0.2523	-0.0607	0.2653	-0.1628	-0.0708
V$DBP_Q6	257	0.0599	-0.066	-0.2232	-0.2027	-0.1172	-0.1368	-0.1082	-0.1727	NA	-0.1404	-0.1509	-0.09	-0.0646	-0.2079	-0.0318	0.0525	-0.1324	-0.1567
V$DR1_Q3	257	0.1067	-0.0277	0.0711	0.1005	0.1795	-0.0503	0.0463	0.095	NA	0.173	0.073	0.0547	-0.0415	-0.0727	NA	0.0678	0.1367	0.0652
V$DR3_Q4	145	0.0397	-0.1124	-0.0647	-0.0421	-0.0731	-0.0283	NA	-0.0467	-0.0839	-0.0397	-0.0495	-0.0398	-0.0174	-0.1384	-0.0201	0.108	-0.0328	-0.0417
V$DR4_Q2	260	0.0061	NA	-0.05	0.0337	0.0325	-0.0171	-0.063	NA	NA	-0.0239	0.0304	-0.0669	NA	-0.0182	0.0803	-0.2659	-0.0379	0.0598
V$E12_Q6	262	0.1609	-0.0031	0.0215	-0.1626	-0.0456	-0.0329	-0.0241	NA	-0.0433	-0.1276	-0.031	-0.0583	NA	-0.2249	-0.1334	-0.0691	-0.0304	-0.0028
V$E2A_Q2	243	0.0741	-0.0708	-0.0064	-0.0062	-0.0673	-0.0212	-0.0555	-0.0109	NA	-0.0558	NA	0.0764	-0.0334	-0.1266	NA	0.0194	0.0313	0.0412
V$E2F_01	67	0.1575	0.4026	0.496	0.821	0.7017	0.7297	0.8397	0.4816	0.4698	0.5126	0.7783	0.6	0.4798	0.8333	0.9158	0.0907	0.7107	0.6978
V$E2F_02	235	0.0139	0.6571	0.5396	0.6629	1.0103	0.3349	0.7141	0.7099	0.5924	0.6101	0.7885	0.7	0.7196	0.6319	0.8147	0.0496	0.6239	0.7396
V$E2F_03	245	-0.0055	0.4981	0.4581	0.6386	0.8658	0.4074	0.6424	0.5298	0.543	0.6527	0.6923	0.6175	0.6376	0.4932	0.674	0.0013	0.56	0.5809
V$E2F_Q2	176	-0.0047	-0.0492	0.0628	-0.1189	NA	0.2161	-0.0819	-0.1655	NA	-0.0433	-0.1223	-0.0418	-0.1199	-0.2061	NA	0.1108	0.05	-0.0405
V$E2F_Q3	227	-0.0211	0.5742	0.5689	0.635	0.8727	0.3549	0.6647	0.5479	0.6147	0.7071	0.6467	0.6721	0.7342	0.3901	0.7411	-0.0732	0.5584	0.5781
V$E2F_Q3_01	235	0.019	0.5834	0.5207	0.7161	0.9406	0.411	0.7066	0.6427	0.652	0.7826	0.7615	0.6354	0.7308	0.3427	0.7192	-0.0099	0.6164	0.6776
V$E2F_Q4	234	0.0408	0.6467	0.6195	0.7282	1.0267	0.3991	0.7583	0.6792	0.6265	0.6961	0.8015	0.7314	0.7588	0.4664	0.8467	0.0805	0.6597	0.7115
V$E2F_Q4_01	237	0.0043	0.5498	0.5331	0.7093	0.8906	0.4144	0.6519	0.6376	0.6807	0.6715	0.7634	0.6711	0.7069	0.4184	0.6904	0.0086	0.5915	0.6432
V$E2F_Q6	232	0.0153	0.6803	0.6236	0.7347	1.0369	0.389	0.7873	0.7029	0.6074	0.7023	0.8286	0.7426	0.787	0.4819	0.8526	0.0429	0.6819	0.7303
V$E2F_Q6_01	240	-0.0329	0.5453	0.4487	0.6554	0.9288	0.3673	0.6541	0.5748	0.6719	0.6192	0.7369	0.6317	0.6878	0.5779	0.7066	0.1455	0.6022	0.6671
V$E2F1_Q3	244	0.0221	0.66	0.5364	0.6331	0.9383	0.3349	0.6907	0.6047	0.6756	0.6016	0.7012	0.7	0.7642	0.5547	0.8509	0.0505	0.6237	0.6978
V$E2F1_Q3_01	247	0.1092	0.1584	0.1634	0.1621	0.3697	NA	0.2733	0.1562	0.2285	0.2583	0.272	0.2363	0.2637	0.0417	0.2437	0.1911	0.3139	0.2248
V$E2F1_Q4	244	-0.0088	0.1738	0.3239	0.3587	0.4368	0.2601	0.3768	0.2547	0.243	0.3732	0.3569	0.3475	0.3776	0.3125	0.353	0.0455	0.3615	0.3119
V$E2F1_Q4_01	228	0	0.5945	0.5155	0.7267	0.937	0.4068	0.7029	0.6591	0.6351	0.77	0.7569	0.6159	0.7227	0.3445	0.7231	-0.0189	0.5802	0.6822
V$E2F1_Q6	232	-0.0311	0.6835	0.5867	0.7429	1.0282	0.433	0.755	0.7076	0.6534	0.601	0.8417	0.7653	0.7742	0.6468	0.8689	0.0377	0.6762	0.7701
V$E2F1_Q6_01	238	-0.0284	0.4233	0.391	0.6166	0.78	0.2811	0.7178	0.4963	0.5177	0.541	0.7062	0.6644	0.6124	0.4103	0.7556	0.0227	0.5556	0.6072
V$E2F1DP1_01	235	0.0198	0.6571	0.541	0.6581	1.0167	0.3349	0.7143	0.7099	0.5988	0.6111	0.7885	0.6992	0.7197	0.6319	0.8137	0.0388	0.6178	0.7349
V$E2F1DP1RB_01	231	0.0148	0.5702	0.5116	0.5652	0.9226	0.2387	0.6664	0.5909	0.5677	0.6702	0.6809	0.6147	0.7001	0.2736	0.7464	0.0339	0.5508	0.6246
V$E2F1DP2_01	235	0.0198	0.6571	0.541	0.6581	1.0167	0.3349	0.7143	0.7099	0.5988	0.6111	0.7885	0.6992	0.7197	0.6319	0.8137	0.0388	0.6178	0.7349
V$E2F4DP1_01	239	-0.0063	0.6593	0.5685	0.6688	1.0215	0.3084	0.6995	0.6915	0.6163	0.619	0.7875	0.7113	0.7265	0.612	0.838	0.021	0.6148	0.7284
V$E2F4DP2_01	235	0.0198	0.6571	0.541	0.6581	1.0167	0.3349	0.7143	0.7099	0.5988	0.6111	0.7885	0.6992	0.7197	0.6319	0.8137	0.0388	0.6178	0.7349
V$E47_01	253	0.0857	0.079	-0.0355	-0.0639	-0.0069	-0.0161	0.0335	0.062	-0.0105	-0.0367	0.0679	0.0598	NA	0.079	NA	0.0113	0.0225	NA
V$E47_02	250	0.0967	-0.0038	-0.0692	-0.0645	-0.1116	-0.0439	0.0146	NA	-0.0692	-0.1557	-0.0046	-0.0928	-0.0975	0.1363	-0.0607	-0.1492	-0.0514	-0.0281
V$E4BP4_01	223	-0.0743	-0.1271	-0.0345	-0.0419	-0.0694	-0.0532	-0.1382	-0.1456	-0.055	-0.0084	-0.044	-0.2039	-0.1883	0.0407	-9e-04	7e-04	-0.076	NA
V$E4F1_Q6	289	-0.0647	-0.0528	NA	0.0972	0.0432	-0.0462	-0.1072	-0.0731	-0.0456	0.1074	-0.0675	-0.0416	-0.0176	0.0653	NA	-0.0546	NA	0.0256
V$EFC_Q6	268	0.0954	-0.029	-0.0119	-0.1156	NA	NA	NA	-0.0078	-0.095	-0.026	-0.0358	0.006	NA	-0.2065	-0.0444	0.0583	-0.0928	-0.1285
V$EGR_Q6	275	-0.0289	-0.048	-0.0293	-6e-04	0.0639	NA	0.1493	NA	0.0356	0.1535	0.0273	-0.0141	NA	0.1021	-0.0141	0.0125	NA	-0.0199
V$EGR1_01	269	0.0502	-0.0084	0.0273	0.0334	0.046	0.0483	0.0671	NA	0.0535	0.0625	-0.0522	NA	-0.0066	0.0822	-0.0457	-0.0754	-0.0018	-0.0418
V$EGR2_01	199	0.0933	0.0661	0.0504	0.071	0.1218	0.138	0.1223	0.1523	0.1296	0.1209	0.0638	0.1241	-0.0054	-0.0505	NA	-0.1654	NA	0.0223
V$EGR3_01	86	0.1568	0.216	0.187	0.1205	0.2129	0.1797	0.0815	0.1993	NA	0.2134	0.1122	0.2524	NA	0.1639	NA	0.1153	0.0387	0.0059
V$ELF1_Q6	244	-0.1489	NA	0.0163	NA	NA	-0.063	0.1801	NA	0.1574	NA	0.2016	0.2088	NA	0.1554	0.1456	-0.1158	0.0791	0.0796
V$ELK1_01	269	-0.1147	-0.0645	0.2226	0.1736	0.1419	-0.0091	0.081	-0.0064	0.1437	0.1655	0.1068	0.1925	0.1462	-0.0545	0.1317	-0.0619	0.2117	0.1567
V$ELK1_02	248	-0.023	0.1748	0.3213	0.5067	0.3816	0.0561	0.2188	0.2126	0.2376	0.3648	0.3567	0.3802	0.301	0.278	0.2196	-0.1341	0.4137	0.3338
V$EN1_01	109	-0.0539	-0.1332	-0.1701	-0.3728	-0.2255	-0.1711	-0.3619	-0.2832	-0.2234	-0.213	-0.2255	-0.2063	-0.1671	-0.3077	-0.2774	-0.0064	-0.352	-0.2692
V$ER_Q6	276	0.0514	-0.0853	-0.047	-0.0438	-0.0973	-0.0626	-0.0483	-0.0589	-0.0655	-0.0979	-0.1188	-0.0482	-0.056	-0.0387	-0.0991	-0.1137	-0.0014	-0.0281
V$ER_Q6_01	269	0.0477	NA	NA	-0.0878	-0.01	NA	-0.0637	0.0559	-0.0342	NA	-0.0843	-0.089	-0.0522	0.0991	-0.0923	-0.1078	-0.0578	-0.1121
V$ER_Q6_02	252	0.0213	0.0856	0.0918	0.0676	0.1285	0.1138	0.0519	0.1614	0.2121	0.0455	0.1479	0.0869	NA	-0.1035	-0.0202	0.0182	NA	0.1092
V$ERR1_Q2	259	0.062	0.0922	0.1242	0.0549	0.0604	0.1962	0.1404	0.1677	0.1962	-0.0282	0.1275	0.1165	0.0764	-0.0546	NA	-0.1067	NA	0.0705
V$ETF_Q6	117	0.0717	-0.0234	-0.2007	-0.0336	0.1188	-0.181	0.0655	-0.2486	-0.0024	-0.0881	-0.0797	0.0808	-0.186	-0.1439	NA	0.5605	0.075	-0.0187
V$ETS_Q4	247	-0.2165	NA	0.1221	0.0462	NA	NA	0.128	NA	0.0993	0.1379	0.22	0.2101	0.1432	-0.0351	NA	-0.1185	0.1527	NA
V$ETS1_B	259	-0.1199	-0.0016	0.0118	NA	-0.0135	-0.0313	0.0941	-0.0514	0.064	0.0259	0.0818	0.087	NA	0.052	-0.0079	-0.107	NA	0.0736
V$ETS2_B	274	-0.2106	-0.0982	-0.0343	-0.0382	-0.0527	-0.1579	-0.0763	-0.1066	-0.1095	NA	0.0679	-0.1071	-0.0054	-0.0028	-0.0245	-0.0981	-0.0084	0.0404
V$EVI1_01	16	-0.0581	-0.1551	0.0992	0.0948	-0.0145	NA	-0.0563	-0.2817	NA	-0.2559	-0.0499	-0.4152	NA	0.2173	-0.3115	1.4258	NA	NA
V$EVI1_02	132	0.0347	NA	-0.0498	-0.0847	0.0265	-0.0259	-0.0045	NA	0.0822	-0.0965	-0.0416	-0.0498	-0.1001	-0.0168	-0.0217	-0.1313	-0.0875	NA
V$EVI1_03	57	0.0374	-0.1081	-0.1751	-0.3451	-0.1809	-0.3964	-0.1752	-0.1266	-0.2706	-0.3101	-0.2602	-0.3862	-0.4529	0.4074	-0.1412	0.3064	-0.3246	-0.2002
V$EVI1_04	238	0.0012	-9e-04	-0.0325	NA	-0.0863	-0.1167	-0.0563	-0.015	-0.0907	-0.174	-0.085	-0.0086	-0.0687	-0.0393	-0.056	0.0673	-0.2058	-0.1267
V$EVI1_05	172	0.1057	NA	-0.0886	-0.1509	-0.1518	-0.1731	-0.1714	NA	-0.0235	-0.3168	-0.1703	-0.1197	-0.1524	0.1087	-0.1052	0.2304	-0.2373	-0.1959
V$EVI1_06	22	0.4391	0.174	NA	-0.0293	-0.0271	NA	-0.2313	NA	NA	0.3335	-0.1393	-0.0093	-0.0998	0.0988	-0.0433	0.2014	0.1955	0.1753
V$FAC1_01	222	-0.0112	-0.1351	-0.2301	-0.1222	-0.1275	-0.0832	-0.1259	-0.1037	-0.1609	-0.0864	-0.1423	-0.1631	-0.1391	-0.2946	-0.1279	-0.0608	-0.1835	-0.2091
V$FOX_Q2	213	-0.1191	-0.1814	-0.1923	-0.067	-0.1646	-0.1607	-0.1812	-0.1662	-0.0576	-0.1957	-0.1577	-0.209	-0.2225	-0.0843	-0.1017	-0.0049	-0.281	-0.1056
V$FOXD3_01	199	-0.1706	-0.1962	-0.174	-0.2126	-0.1494	-0.1919	-0.1525	-0.108	-0.1079	-0.1466	-0.176	-0.251	-0.2036	-0.2809	-0.0426	0.0701	-0.2566	-0.1582
V$FOXJ2_01	184	0.0252	NA	-0.0767	0.1057	NA	-0.0942	-0.089	-1e-04	NA	-0.0972	NA	NA	-0.0036	0.1635	-0.0668	-0.1129	-0.17	-0.0265
V$FOXJ2_02	237	-0.0291	-0.0237	-0.1144	-0.1579	-0.2305	-0.103	-0.23	-0.0536	-0.2202	-0.2717	-0.0165	-0.1127	-0.164	-0.299	-0.0802	-0.0077	-0.1782	-0.1152
V$FOXM1_01	246	0.0895	NA	-0.0597	-0.0095	-0.1078	0.0442	-0.0086	-0.0131	-0.1613	-0.1539	-0.0135	-0.0199	-0.0919	NA	NA	0.0736	-0.0603	-0.0474
V$FOXO1_01	245	-0.1263	-0.1734	-0.1319	-0.1111	-0.1147	-0.0946	-0.0608	-0.1587	-0.1172	-0.0694	-0.1059	-0.0757	-0.1465	0.2338	-0.0759	-0.0454	-0.1853	-0.1526
V$FOXO1_02	240	-0.0684	-0.0292	-0.1398	-0.1545	-0.0832	-0.0601	-0.1159	-0.1771	-0.0679	-0.0574	-0.1453	-0.1469	-0.2331	-0.0845	-0.1472	-0.0641	-0.279	-0.1042
V$FOXO3_01	245	-0.1805	-0.0999	-0.1767	-0.1858	-0.0911	-0.1225	-0.2466	-0.2346	-0.146	-0.1514	-0.1824	-0.2574	-0.3143	-0.363	-0.1444	0.0317	-0.2536	-0.1842
V$FOXO4_01	243	-0.0687	-0.1277	-0.1151	-0.0832	-0.2435	-0.1944	-0.1131	-0.1117	-0.1368	-0.1477	-0.0369	-0.1031	-0.123	-0.1214	-0.0873	0.058	-0.1934	-0.1213
V$FOXO4_02	255	-0.1507	-0.1101	-0.2312	-0.1517	-0.2003	-0.1761	-0.2432	-0.225	-0.0836	-0.1726	-0.1838	-0.3289	-0.2345	-0.2471	-0.1252	0.0183	-0.2503	-0.2261
V$FREAC2_01	260	-0.0584	NA	-0.0542	-0.031	-0.0818	-0.0797	-0.0958	-0.1242	NA	-0.0742	NA	-0.0871	-0.1478	-0.1739	NA	-0.1133	-0.2073	-0.1226
V$FREAC3_01	251	0.0709	NA	-0.1711	-0.0793	-0.067	-0.1013	-0.132	-0.0373	-0.1078	-0.1821	-0.0443	-0.1581	-0.0915	0.107	-0.1011	0.0234	-0.1807	-0.0363
V$FREAC4_01	150	-0.1386	-0.2415	-0.1253	-0.1032	-0.2664	-0.2139	-0.3395	-0.1686	-0.1971	-0.2574	-0.1085	-0.3538	-0.352	-0.1191	-0.2735	0.1554	-0.3447	-0.3094
V$FREAC7_01	195	0.0357	-0.0418	-0.0867	0.0547	0.0757	-0.041	-0.0522	-0.0713	NA	-0.0475	-0.0187	-0.0695	-0.1297	-0.0614	NA	-0.0347	-0.2366	-0.0534
V$FXR_IR1_Q6	112	0.022	NA	0.0686	-0.0448	-0.0326	-0.1332	-0.0105	NA	-0.0895	NA	-0.0042	-0.0145	-0.0757	-0.1747	-0.1441	-0.0319	NA	-0.0401
V$FXR_Q3	116	0.0264	-0.0843	-0.1089	-0.0179	-0.2093	NA	-0.0938	-0.0642	-0.2706	-0.2001	-0.1874	-0.1588	NA	-0.0814	-0.1386	0.1342	-0.077	-0.0575
V$GABP_B	259	-0.0674	NA	0.4461	0.464	0.2515	0.1965	0.3685	0.2429	0.0997	0.2451	0.3369	0.3613	0.3258	0.0922	0.1773	0.1928	0.3866	0.3403
V$GATA_C	266	-0.0215	-0.0825	-0.0968	-0.2136	-0.1535	-0.0257	-0.0632	-0.1162	-0.1583	-0.2074	-0.0687	-0.1003	-0.0797	-0.1927	-0.116	-0.088	-0.1372	-0.0364
V$GATA_Q6	198	0.0522	NA	0.0078	-0.2196	-0.0313	-0.0531	0.0345	NA	-0.1051	-0.1181	-0.0113	-0.1133	-0.0591	-0.1788	-0.0693	-0.2062	-0.0918	-0.0136
V$GATA1_01	244	0.1214	-0.0193	-0.0195	NA	0.0455	0.1434	NA	-0.0738	NA	0.0338	-0.0479	-0.0456	-0.0084	0.0047	NA	-0.0341	0.0391	0
V$GATA1_02	244	0.1077	NA	-0.0334	-0.1096	NA	-0.1059	-0.0634	-0.0166	-0.1275	-0.1187	0.0366	-0.0313	-0.0353	0.0282	-0.0427	-0.0667	-0.0493	NA
V$GATA1_03	245	-0.1383	-0.0836	-0.107	-0.0893	-0.0732	-0.0321	-0.1052	-0.1155	NA	-0.178	-0.0865	-0.0345	-0.0269	-0.0439	-0.0336	-0.0061	-0.1632	-0.0909
V$GATA1_04	245	-0.0624	-0.0634	-0.1483	-0.0945	-0.1246	-0.0117	-0.0633	-0.1165	-0.0564	-0.2513	-0.0865	-0.1074	NA	-0.0396	NA	0.0251	-0.1485	-0.0846
V$GATA1_05	283	-0.029	NA	-0.0791	-0.1168	-0.1027	-0.064	-0.1059	-0.0726	-0.0902	-0.1909	-0.0804	-0.1418	-0.0681	-0.1064	-0.0498	-0.0376	-0.175	-0.0894
V$GATA2_01	104	0.1467	NA	0.0261	-0.0598	NA	-0.0433	NA	-0.0092	-0.0182	0.0652	NA	-0.098	-0.1994	-0.1583	0.113	-0.0234	NA	0.0862
V$GATA3_01	242	0.1099	-0.1037	-0.0849	-0.1672	-0.1209	NA	-0.0272	-0.0891	-0.0697	-0.191	-0.0924	-0.0641	-0.0838	-0.0778	-0.1001	0.0995	-0.1139	-0.0591
V$GATA4_Q3	249	-0.0282	-0.0043	-0.0381	-0.0905	-0.0601	-0.1006	-0.0631	0.0369	-0.0219	-0.0639	-0.0259	-0.046	-0.0064	-0.0649	-0.0545	-0.0801	NA	-0.0069
V$GATA6_01	265	-0.0351	-0.055	-0.0956	-0.2026	-0.1983	-0.1432	-0.0738	-0.041	-0.1533	-0.1906	-0.1132	-0.1434	-0.064	-0.3343	-0.1296	-0.1157	-0.1507	-0.0406
V$GCM_Q2	242	-0.0411	-0.0167	0.0525	-0.008	-0.0176	0.0382	0.0212	-0.0333	-0.1203	0.0493	-0.0175	-0.0365	-0.0304	-0.2726	NA	0.1757	-0.0286	-0.0427
V$GFI1_01	262	0.0235	-0.082	-0.1391	-0.1756	-0.1338	-0.1446	-0.2601	-0.1529	-0.1521	-0.1387	-0.2706	-0.1536	-0.2036	0	-0.1095	-0.1644	-0.1961	-0.2056
V$GNCF_01	78	0.0376	NA	-0.0471	0.2538	0.0778	NA	0.0731	0.1071	NA	-0.1211	0.095	NA	NA	-0.3578	NA	0.0232	-0.0856	NA
V$GR_01	204	-0.0847	-0.0279	-0.0204	NA	-0.0574	-0.1198	NA	-0.0091	-0.1065	NA	NA	-0.0563	-0.0549	-0.1308	-0.0016	-0.0309	-0.0511	-0.0477
V$GR_Q6	271	-0.0912	-0.0463	-0.0825	NA	-0.0284	-0.0848	NA	-0.011	-0.0018	-0.0893	NA	-5e-04	-0.0125	0.1022	-0.0661	0.094	-0.1047	-0.0639
V$GR_Q6_01	279	-0.0159	NA	-0.0427	-0.0094	-0.0473	-0.1189	0.0402	NA	-0.075	0.0051	-0.0918	-0.0403	-0.0087	-0.0033	-0.0169	0.0802	NA	-0.017
V$GRE_C	126	-0.0926	NA	0.0273	-0.1279	-0.1165	-0.2289	NA	NA	-2e-04	-0.1133	-0.121	-0.0391	-0.0364	-0.1613	-0.1568	0.1017	-0.1071	-0.1527
V$HAND1E47_01	277	0.0678	NA	NA	-0.0487	-0.0714	-0.0664	-0.009	NA	-0.0139	-0.0955	-0.0301	0.0166	NA	-0.1259	-0.081	0.0045	-0.0812	-0.0264
V$HEB_Q6	265	0.123	-0.1111	-0.0798	-0.1708	-0.1251	0.0469	0.0185	-0.1021	-0.1695	-0.0285	-0.1242	-0.1459	-0.0781	-0.1515	-0.1882	-0.1239	-0.0052	-0.0686
V$HEN1_01	196	0.0683	-0.0693	0.0035	-0.1604	-0.0018	-0.0379	NA	-0.0159	NA	NA	NA	-0.0256	-0.0202	0.0828	0.0533	-0.1945	-0.0667	-0.0531
V$HEN1_02	198	-0.0185	-0.0465	-0.0705	-0.0199	0.0198	NA	0.1051	-0.0613	-0.0681	-0.0171	-0.0946	-0.0745	NA	0.1714	-0.1166	-0.1715	-0.0443	-0.0336
V$HFH1_01	243	-0.0782	-0.0984	-0.0692	-0.049	-0.0283	-0.0992	-0.1045	-0.046	-0.0597	-0.0547	-0.0521	-0.1105	-0.1658	0.0062	-0.0186	-0.1079	-0.1046	-0.0709
V$HFH3_01	191	-0.1326	NA	-0.1131	-0.0056	-0.1135	-0.2423	-0.1239	-0.0804	-0.0368	-0.2139	-0.0658	-0.1394	-0.0437	-0.0081	NA	0.0678	-0.1433	-0.1099
V$HFH4_01	200	-0.1026	-0.0915	-0.2636	-0.1487	-0.134	-0.2618	-0.1747	-0.0788	-0.1634	-0.2722	-0.0671	-0.1201	-0.1519	0.0462	-0.0943	0.0485	-0.1718	-0.1263
V$HFH8_01	203	-0.0895	0.1007	-0.0786	-0.1034	-0.0883	-0.1932	-0.1789	-0.0312	-0.0565	-0.0222	-0.1071	-0.1436	-0.1474	0.1618	-0.1257	-0.0398	-0.1866	-0.1238
V$HIF1_Q3	230	0.0767	NA	0.0547	0.2062	0.2124	0.1541	0.1477	NA	0.1396	0.1987	0.1541	0.1436	0.1401	0.1614	0.0868	-0.0715	0.1188	0.1356
V$HIF1_Q5	244	0.0534	0.1471	0.0777	0.1649	0.199	0.1764	0.1887	0.1202	0.1661	0.1275	0.2374	0.2338	0.1407	0.1701	0.1243	-0.053	0.2008	0.154
V$HLF_01	254	-0.0543	-0.0885	-0.0412	NA	-0.0616	-0.1051	-0.0481	-0.108	-0.0983	NA	-0.0067	-0.0718	-0.1232	0.0169	NA	0.1188	-0.1326	0.0419
V$HMEF2_Q6	138	-0.0649	-0.1662	-0.3211	-0.2895	-0.2382	-0.0686	-0.2125	-0.2323	-0.1339	-0.3182	-0.3578	-0.2103	-0.1279	-0.1444	-0.3555	0.0952	-0.2275	-0.3585
V$HMGIY_Q6	248	0.0444	0.0935	0.0771	-0.009	-4e-04	-0.0068	NA	0.0579	-0.039	-0.0405	0.0513	-0.0241	NA	-0.1319	NA	0.0457	-0.0351	-0.0549
V$HMX1_01	43	0.1005	-0.0637	-0.1008	0.1	-0.0333	0.1046	NA	NA	0.1894	0.149	0.1621	NA	NA	-0.3794	-0.3649	-0.562	-0.0814	-0.1062
V$HNF1_01	245	0.2773	-0.0637	-0.1375	-0.3484	-0.1236	-0.0338	NA	-0.0415	-0.0581	-0.3202	-0.0832	-0.0758	-0.0513	-0.0899	-0.0719	0.0016	-0.1439	-0.1326
V$HNF1_C	243	0.1836	-0.0623	-0.1054	-0.3003	-0.1301	-0.1868	-0.073	-0.054	-0.0609	-0.3478	-0.0839	-0.1109	-0.1251	-0.1255	-0.1865	0.1996	-0.1899	-0.1595
V$HNF1_Q6	253	0.2012	-0.0622	-0.1242	-0.339	-0.0925	-0.0518	NA	-0.0216	-0.0676	-0.3011	-0.1146	-0.1387	-0.0941	-0.1745	NA	0.0393	-0.1595	-0.1465
V$HNF3_Q6	189	-0.1007	-0.0806	-0.1314	-0.0997	-0.2141	-0.2086	-0.0867	-0.1159	-0.0866	-0.2973	-0.0962	-0.0856	-0.1277	-0.0174	-0.0464	0.1041	-0.2134	-0.2477
V$HNF3ALPHA_Q6	208	-0.1552	-0.1318	-0.1458	-0.07	-0.1931	-0.1913	-0.1181	-0.127	NA	-0.0825	-0.0423	-0.0687	-0.138	-0.019	NA	0.1458	-0.1357	-0.1442
V$HNF3B_01	221	0.1021	NA	0.0171	-0.0395	NA	-0.1172	-0.0853	NA	NA	-0.1314	0.0375	-0.1042	-0.1026	-0.0471	-0.0237	0.1165	-0.1542	-0.1111
V$HNF4_01	269	0.1305	NA	0.0795	-0.1231	0.1432	-0.0086	0.0468	0.092	-0.0137	0.0694	0.0924	0.1265	-0.0089	0.1215	-0.014	0.0716	0.0654	-0.0063
V$HNF4_01_B	253	0.1499	NA	0.0933	-0.0215	0.1403	NA	0.1285	0.07	NA	0.0455	NA	0.1135	NA	-0.0291	NA	0.043	0.0811	-0.0051
V$HNF4_DR1_Q3	261	0.0686	NA	0.011	-0.0431	0.1028	NA	0.0632	-0.0257	-0.0322	0.0334	-0.0146	0.0409	NA	0.096	NA	-0.0337	0.0639	-0.0188
V$HNF4_Q6	263	0.0804	-0.0615	-0.0443	-0.1668	-0.0683	NA	-0.0657	-0.0278	NA	-0.0173	-0.015	-0.012	-0.0554	0.1575	-0.1598	-0.1296	NA	-0.0787
V$HNF4ALPHA_Q6	271	0.0623	-0.0301	-0.0061	-0.0189	-0.0411	-0.0625	-0.0206	-0.0111	-0.0415	-0.0426	-0.0362	-0.0517	-0.0375	0.0555	NA	0.0549	-0.046	-0.0389
V$HNF6_Q6	234	0.0987	NA	-0.1228	-0.1658	-0.0505	-0.0127	-0.057	NA	-0.0156	-0.2488	-0.1581	-0.1527	-0.1149	-0.1799	NA	-0.0184	-0.0627	NA
V$HOX13_01	46	-0.029	-0.1794	-0.1674	-0.0672	-0.4165	-0.0853	-0.0342	-0.3176	-0.2096	-0.2633	-0.0932	-0.2221	-0.2886	0.3221	-0.4126	0.5464	-0.2481	-0.115
V$HOXA4_Q2	267	-0.0921	-0.0539	-0.0981	-0.1379	-0.1672	-0.0254	-0.0833	-0.0476	-0.0908	-0.0421	-0.0663	-0.0258	-0.0764	-0.1861	-0.0598	0.0345	-0.0181	NA
V$HP1SITEFACTOR_Q6	230	-0.1621	-0.1312	-0.1881	-0.0581	-0.202	-0.0086	-0.0564	-0.0999	-0.1163	-0.1225	-0.2011	-0.1062	-0.0887	-0.1529	-0.0066	-0.0817	-0.1171	-0.1248
V$HSF_Q6	201	0.0307	-0.0151	-0.0209	0.1005	NA	0.1154	-0.024	0.1018	NA	0.0734	-0.04	0.0898	-0.0241	0.1641	-0.0079	0.0591	NA	0.0668
V$HSF1_01	267	-0.0395	NA	0.0734	0.1534	0.1239	-0.0538	-0.0605	0.1518	-0.0208	0.0735	0.1081	-0.0699	0.0932	-0.0193	0.0952	0.1559	-0.0304	-0.0586
V$HSF2_01	250	-0.0611	-0.0123	-0.0708	0.0753	NA	-0.1219	NA	0.1221	-0.0483	-0.0107	NA	NA	NA	0.0271	0.1305	-0.013	0.0285	-0.0764
V$HTF_01	72	-0.155	NA	-0.0412	-0.0452	-0.064	-0.062	-0.0784	-0.073	-0.0438	0.089	0.0694	-0.0422	NA	0.1973	-0.0575	0.034	0.079	-0.0385
V$ICSBP_Q6	248	-0.186	NA	0.1927	0.3247	0.1046	-0.074	0.1686	0.141	0.1228	0.1335	0.2259	0.3578	0.1477	0.287	0.207	0.047	NA	0.1456
V$IK1_01	278	0.0425	-0.0521	-0.101	-0.0723	-0.0491	-0.0376	-0.0836	-0.0576	-0.1226	-0.1207	-0.0845	-0.1086	-0.0687	-0.0571	-0.1646	-0.1587	-0.0571	-0.0891
V$IK2_01	267	-0.0666	-0.0125	-0.0999	-0.044	-0.0705	-0.0124	-0.0671	NA	-0.1141	-0.0952	-0.0454	-0.0434	-0.0961	-0.0688	-0.0442	-0.0393	-0.1138	-0.0425
V$IK3_01	225	0.0481	-0.0572	-0.041	-0.1392	-0.0284	NA	-0.0373	-0.0609	-0.0538	-0.0654	-0.1561	-0.1034	-0.0725	0.0995	-0.0912	-0.1225	-0.0143	-0.0875
V$IPF1_Q4	260	-0.0536	-0.0855	-0.2236	-0.1669	-0.0679	-0.1021	-0.1155	-0.065	-0.1513	-0.1127	-0.1765	-0.0302	-0.1235	-0.2891	-0.1162	0.1533	-0.1222	-0.1098
V$IRF_Q6	242	-0.2233	NA	0.2078	0.2907	0.0786	-0.0384	0.1989	0.1462	0.1216	0.1311	0.2018	0.3391	0.1124	0.2802	0.2562	-0.0712	NA	0.0998
V$IRF1_01	250	-0.0914	NA	0.0771	0.1183	-0.1504	-0.0511	-0.066	NA	0.1871	-0.1072	0.0356	0.1348	NA	0.2776	0.1484	-0.0219	-0.0753	-0.0656
V$IRF1_Q6	258	-0.1814	NA	0.0855	NA	NA	-0.0117	0.0183	0.0757	NA	0.1036	0.1103	0.1451	0.0923	0.3468	0.1167	6e-04	0.0275	0.1313
V$IRF2_01	125	0.048	NA	0.3155	0.2305	-0.1047	-0.1398	0.0744	0.135	-0.1082	-0.0895	0.0881	0.2809	NA	0.4454	0.1157	-0.1456	-0.0438	0.1223
V$IRF7_01	252	-0.0072	NA	0.1742	0.1877	0.1582	0.0589	0.1364	0.1085	0.2074	0.0904	0.1173	0.166	0.1098	0.0717	0.2017	0.0584	0.0559	0.0831
V$ISRE_01	247	-0.1163	NA	0.2452	0.3108	0.1533	NA	0.2711	0.1801	0.2511	0.1454	0.2109	0.3449	0.2045	0.2334	0.2652	0.0593	0.0653	0.1608
V$LBP1_Q6	224	0.0137	-0.1253	-0.0497	-0.0964	-0.0807	NA	0.1042	-0.1146	-0.1338	-0.0133	-0.1279	-0.0631	-0.0619	-0.0314	-0.094	-0.1387	0.0612	-0.0697
V$LEF1_Q2	226	-0.045	-0.0066	0.0673	-0.0256	0.0573	-0.0388	NA	-0.0382	-0.0401	-0.0233	NA	-0.0257	-0.0913	-0.0582	-0.0039	-0.0618	NA	0.0546
V$LEF1_Q6	261	0.0443	-0.021	-0.0281	0.0584	0.0931	-0.0133	0.0277	-0.0332	NA	-0.0221	0.0609	0.0205	-0.028	-0.0767	-0.0828	0.0301	-0.0197	NA
V$LFA1_Q6	246	-0.0173	NA	0.1006	-0.0665	NA	NA	0.0336	NA	NA	0.0805	NA	0.0232	0.0769	-0.0467	-0.031	0.0166	NA	-0.0943
V$LHX3_01	224	0.165	NA	-0.1138	-0.0562	-0.1735	-0.0725	NA	-0.0153	-0.0762	-0.2308	-0.0551	-0.1593	-0.0726	-0.2714	-0.1204	-0.0105	-0.1577	-0.0753
V$LMO2COM_01	264	0.1559	-0.0442	-0.0519	NA	-0.0472	-0.0131	NA	-2e-04	NA	-0.0246	-0.026	NA	NA	-0.0854	-0.0511	-0.0264	NA	-0.06
V$LMO2COM_02	246	0.0791	-0.0375	-0.0692	-0.1487	NA	-0.0677	-0.0124	-0.0573	-0.081	-0.134	-0.0083	-0.0593	-0.01	-0.0084	-0.0609	-0.1076	-0.0075	-0.0145
V$LXR_DR4_Q3	92	-0.007	NA	0.0637	0.083	-0.0085	-0.0386	0.0546	-0.0596	-0.0211	-0.0256	0.0598	0.0149	NA	-0.0621	-0.1024	-0.0096	0.0725	0.1624
V$LXR_Q3	77	-0.0997	-0.0236	0.057	0.0565	0.0999	NA	0.1779	-0.0739	NA	NA	0.0594	0.0208	-0.027	0.3985	NA	0.2473	0.157	NA
V$LYF1_01	264	0.1417	-0.0652	0.0198	-0.0055	NA	-0.0691	-0.0396	-0.0339	NA	-0.02	NA	0.0386	-0.0376	-0.1797	NA	0.141	-0.0476	-0.0168
V$MAF_Q6	259	-0.0792	0.11	0.0454	-0.0088	-0.0221	-0.1107	0.0638	0.0853	0.111	0.072	0.174	0.083	0.0913	0.0478	-0.0245	-0.055	0.0488	NA
V$MAX_01	262	-0.0483	0.1569	0.2069	0.3277	0.2171	0.1792	0.1596	0.2528	0.1479	0.2695	0.2204	0.2485	0.2444	0.1514	NA	-0.0186	0.2207	0.2999
V$MAZ_Q6	193	-0.0305	-0.1255	0.0431	-0.0205	0.1444	NA	0.104	-0.1644	-0.0273	0.0733	-0.07	0.0198	-0.1007	0.0407	-0.0083	0.1643	NA	NA
V$MAZR_01	220	0.0688	-0.0211	NA	-0.0363	-8e-04	-0.0159	0.0847	NA	-0.1118	0.0451	-0.0205	-0.0889	-0.0184	-0.1681	-0.0071	0.0397	NA	-0.1488
V$MEF2_01	144	0.023	-0.0559	-0.3485	-0.1333	-0.2323	-0.0316	-0.2339	-0.2279	-0.0853	-0.2536	-0.2672	-0.2429	-0.1312	-0.0771	-0.2974	0.0375	-0.1942	-0.2599
V$MEF2_02	228	0.0941	-0.0542	-0.2734	-0.1393	-0.1537	-0.1665	-0.1596	-0.0931	-0.0977	-0.31	-0.1371	-0.1354	-0.0258	-0.1041	-0.1933	-0.0366	-0.0828	-0.1615
V$MEF2_03	238	0.0498	-0.0934	-0.2656	-0.0265	-0.1511	-0.0868	-0.1768	-0.1192	-0.1393	-0.2504	-0.1342	-0.1655	NA	-0.1612	-0.1493	-0.0285	-0.101	-0.1675
V$MEF2_04	25	-0.0407	NA	-0.0186	-0.0068	-0.07	-0.179	-0.0965	0.2548	NA	-0.1395	NA	-0.2778	-0.0401	1.1322	-0.0148	0.486	-0.0032	-0.2771
V$MEF2_Q6_01	244	0.0335	NA	-0.2006	-0.0559	-0.1673	-0.1604	-0.1461	-0.0821	-0.1043	-0.2235	-0.0995	-0.1679	-0.0939	-0.1692	-0.0696	0.1405	-0.0863	-0.1151
V$MEIS1_01	239	0.029	-0.0325	NA	0.0351	-0.0637	-0.0693	-0.0437	-0.0025	NA	-0.1375	-0.0503	0.0033	-0.0727	0.0896	-0.0323	-0.107	-0.0733	-0.0588
V$MEIS1AHOXA9_01	117	0.1319	NA	0.0356	-0.0997	-0.0533	0.1895	-0.0842	-0.0138	-0.041	-0.039	0.0466	-0.0397	-0.1498	-0.1573	-0.0333	0.0988	-0.0118	-0.0346
V$MEIS1BHOXA9_01	145	0.2475	NA	0.107	-0.094	NA	0.1084	0.083	-0.0189	NA	-0.0327	-0.0925	-0.0323	NA	NA	-0.0302	-0.0353	-0.068	NA
V$MIF1_01	181	0.1436	-0.1084	0.0181	-0.1116	NA	-0.039	-0.0518	-0.0038	-0.155	0.0427	-0.0416	NA	-0.0548	-0.028	-0.0452	0.2275	NA	-0.035
V$MMEF2_Q6	272	0.1314	-0.0479	-0.0289	0.0458	0.0329	-0.0417	-0.054	0.0488	-0.0662	-0.0893	-0.0516	-0.0697	NA	-0.1156	-0.0886	0.1188	-0.0709	-0.0988
V$MSX1_01	174	0.1765	-0.0111	-0.0684	-0.0179	-0.0875	-0.0293	NA	-0.047	NA	-0.0781	-0.006	-0.0959	-0.1113	-0.0779	NA	0.0693	NA	-0.066
V$MTF1_Q4	252	0.041	-0.0407	0.0127	0.0201	-0.0836	-0.0084	0.0413	NA	NA	-0.0876	NA	-0.0273	NA	-0.0175	-0.0663	-0.0181	-0.0457	0.0386
V$MYB_Q3	250	0.0325	NA	0.0585	-0.014	0.074	NA	0.0434	0.0791	NA	0.0608	0.0852	0.0596	-0.1053	0.0642	NA	-0.0148	NA	0.0344
V$MYB_Q5_01	267	0.0122	NA	-0.0053	0.0238	0.0386	-0.0077	-0.0199	0.0652	NA	-0.0318	0.0448	-0.0412	-0.0801	0.0575	-0.0039	0.0582	-0.0244	NA
V$MYB_Q6	255	0.1058	-0.038	-0.0915	-0.0803	-0.1294	-0.0804	-0.0041	0.0543	-0.194	-0.1006	-0.0506	-0.0592	-0.1024	-0.0185	-0.0774	0.3189	-0.0806	-0.0821
V$MYC_Q2	185	-0.1565	NA	0.0622	0.1164	0.2423	0.3128	0.1829	NA	0.1249	0.1802	0.1585	0.1546	0.1957	0.0568	NA	-0.0833	0.2539	0.187
V$MYCMAX_01	255	0.0393	0.1702	0.1903	0.286	0.3772	0.2809	0.2757	0.319	0.3019	0.3733	0.2902	0.3151	0.2535	0.4162	0.1731	-0.1023	0.3303	0.2573
V$MYCMAX_02	268	0.005	0.1041	0.0855	0.1818	0.0361	0.1195	0.0879	0.1047	0.0934	0.1289	0.1103	0.0932	0.1096	0.1477	0.075	0.0284	0.05	0.1537
V$MYCMAX_03	252	-0.095	NA	0.134	0.2554	0.1533	0.1191	0.089	0.1131	0.1471	0.1618	0.0886	0.1135	0.1303	0.2399	0.1162	0.0126	0.1206	0.2346
V$MYCMAX_B	268	-0.0083	0.0967	0.1517	0.1502	0.2387	0.1085	0.2232	0.234	0.2553	0.1955	0.1568	0.1549	0.1191	0.3244	0.1823	0.1081	0.1548	0.1802
V$MYOD_01	265	-0.0305	-0.0045	0.0451	-0.0485	0.0605	NA	0.0194	-0.021	NA	-0.0436	-0.0204	-0.0214	0.056	-0.2367	-0.0163	0.0891	0.0628	-0.0016
V$MYOD_Q6	245	0.1633	NA	-0.0672	-0.0012	-0.0546	NA	-0.0478	-0.0019	-0.0533	NA	-0.059	-0.0259	-0.0325	-0.2328	-3e-04	0.0737	-0.0208	0.0573
V$MYOD_Q6_01	257	0.1428	-0.0829	-0.0279	-0.0383	NA	-0.0132	NA	NA	NA	0.0514	-0.0179	0.0158	NA	-0.0818	-0.046	-0.143	-0.0252	NA
V$MYOGENIN_Q6	255	0.0069	-0.0032	-0.1155	-0.1776	-0.0514	-0.0432	-0.0077	NA	-0.0906	-0.0604	-0.0858	-0.0873	-0.0324	-0.28	-0.0924	-0.1512	NA	-0.1024
V$MYOGNF1_01	48	0.1869	-0.3656	-0.2554	-0.2144	-0.273	-0.0948	0.0769	-0.3986	-0.2016	-0.2718	-0.0089	-0.0202	-0.0414	-0.0562	-0.3377	0.0021	-0.1389	NA
V$MZF1_01	236	-0.0151	NA	-0.0715	-0.0294	-0.0278	NA	0.019	-0.0054	-0.0087	0.0492	0.0499	-0.0353	NA	NA	-0.001	0.0486	0.0828	0.085
V$MZF1_02	232	0.0063	NA	-0.0751	-0.0279	NA	-0.0047	NA	-0.0274	-0.0304	0.0312	0.0397	0.0419	-0.0214	-0.2391	-0.0169	0.0791	-0.0281	-0.0433
V$NCX_01	171	0.0763	NA	-0.0013	-0.059	-0.0185	-0.0101	-0.0731	-0.0472	-0.0531	NA	-0.0039	NA	NA	-0.1369	NA	-0.0572	-0.1173	-0.0749
V$NERF_Q2	247	-0.1336	-0.0578	-0.0028	0.0465	-0.0105	-0.0392	0.0655	-0.0949	0.1222	NA	0.0882	0.1204	NA	0.024	NA	0.0261	0.1521	-0.0317
V$NF1_Q6	261	-0.0299	-0.0193	-0.0715	-0.0629	-0.1226	NA	-0.0303	-0.0443	-0.1024	-0.0927	-0.0682	-0.1016	-0.0871	-0.0827	-0.1091	0.0543	-0.0494	NA
V$NF1_Q6_01	268	-0.003	-0.0034	-0.0144	-0.0273	-0.0822	-0.0416	-0.1109	-0.0223	-0.0832	-0.0681	-0.0276	-0.0227	NA	-0.047	-0.0091	0.0955	-0.0154	-0.0119
V$NFAT_Q4_01	266	-0.1552	-0.0488	-0.0524	-0.0151	-0.1657	-0.0076	-0.0114	-0.0369	NA	-0.1132	-0.0071	-0.0637	-0.0732	-0.0214	-0.0094	-0.0051	-0.0695	-0.0186
V$NFAT_Q6	246	-0.0162	-0.1109	-0.128	-0.0453	-0.1315	NA	-0.1438	-0.0956	-0.0673	-0.0419	-0.0355	-0.0349	-0.0783	0.0731	-0.0522	-0.0487	-0.0419	-0.0252
V$NFE2_01	272	0.0453	NA	0.0615	0.0652	-0.0272	-0.0226	0.0956	0.083	NA	-0.0207	0.1081	0.0391	-0.0355	0.1612	-0.0332	-0.0558	NA	NA
V$NFKAPPAB_01	251	0.0056	NA	-0.0199	-0.0055	NA	NA	0.1014	NA	0.0847	-0.0194	0.0877	-0.0031	-0.0188	0.0803	NA	-0.0771	0.0519	NA
V$NFKAPPAB65_01	237	-0.0487	NA	0.0169	-0.0277	NA	-0.0161	0.0828	NA	NA	-0.0532	NA	-0.0342	-0.0471	0.2272	-0.0106	-0.2682	0.0943	NA
V$NFKB_C	263	-0.0598	NA	-0.0231	NA	0.0216	-0.0873	0.0912	NA	NA	-0.076	-0.0145	0.076	NA	0.1264	NA	-0.0918	-0.0296	-0.0042
V$NFKB_Q6	254	-0.0631	-0.0287	-0.0535	NA	-0.0482	0.0535	0.0632	NA	0.0815	-0.0783	0.0875	-0.0036	-0.0208	0.0928	0.0852	-0.2628	0.0825	-0.0015
V$NFKB_Q6_01	232	-0.0865	-0.0746	-0.0183	-0.0428	NA	NA	0.0886	-0.003	NA	-0.0053	NA	-0.0529	NA	NA	NA	-0.22	0.0662	-0.075
V$NFMUE1_Q6	245	-0.0318	NA	0.1142	0.185	0.1872	NA	0.1245	-0.0808	-0.0103	0.3901	0.0792	0.1359	-0.0033	0.1123	0.134	-0.0816	NA	0.1125
V$NFY_01	254	0.0143	0.2828	0.1631	0.262	0.3987	0.1604	0.3102	0.3625	0.3876	0.2983	0.3398	0.2981	0.2999	0.0698	0.3482	-0.0463	0.3481	0.2978
V$NFY_C	245	0.0168	0.1885	0.1826	0.1778	0.3264	0.1122	0.2951	0.249	0.2946	0.2188	0.3148	0.2526	0.2585	-0.0178	0.2398	-0.0681	0.3165	0.2512
V$NFY_Q6	262	0.0049	0.2451	0.2232	0.1896	0.4057	0.1792	0.2932	0.2788	0.3857	0.2402	0.2293	0.2846	0.2487	0.3358	0.3442	-0.2015	0.3377	0.3011
V$NFY_Q6_01	264	0.0021	0.1379	0.1989	0.1895	0.2774	0.1469	0.3684	0.2108	0.1862	0.1347	0.2108	0.2261	0.2301	-0.0289	0.2351	0.0241	0.2276	0.2435
V$NGFIC_01	255	0.0056	NA	0.0848	NA	-0.0236	0.0974	0.0736	NA	0.0542	0.1126	NA	-0.0213	-0.0131	-0.1458	-0.0306	0.0573	NA	0.0462
V$NKX22_01	190	0.0731	-0.155	-0.122	-0.209	-0.1192	-0.1062	-0.1461	-0.1215	-0.1074	-0.0932	-0.154	-0.2282	-0.1102	-0.4336	-0.1464	-0.0612	-0.1308	-0.141
V$NKX25_01	125	0.0562	-0.067	-0.1301	-0.0389	-0.0775	-0.0934	-0.1095	NA	NA	-0.1747	-0.0324	-0.0596	-0.0769	-0.1753	NA	-0.4512	-0.0698	-0.0774
V$NKX25_02	262	0.0872	-0.0419	-0.124	-0.1391	-0.1494	-0.057	-0.1795	-0.0418	-0.1053	-0.2282	-0.0597	-0.1211	-0.1075	-0.2477	-0.0856	-0.0082	-0.1207	-0.0617
V$NKX3A_01	237	0.08	-0.0727	-0.0964	-0.1163	-0.0778	-0.0566	-0.1709	-0.0071	-0.0054	-0.0743	-0.0719	-0.0929	-0.0777	-0.1201	-0.2136	0.012	-0.1726	-0.1734
V$NKX61_01	236	0.1959	-0.025	-0.0796	-0.0327	-0.1235	-0.0051	-0.0847	-0.0022	-0.0132	-0.243	-0.0305	-0.0434	NA	-0.3608	NA	-0.053	-0.1715	-0.1297
V$NKX62_Q2	241	0.0441	-0.0614	-0.1391	-0.0792	-0.2614	-0.1012	-0.0438	-0.057	-0.0757	-0.2823	-0.0735	-0.1955	-0.1137	-0.1078	-0.0775	-0.1167	-0.1438	-0.1855
V$NMYC_01	271	-0.0098	0.1219	0.0815	0.1972	0.2368	0.0956	0.2285	0.1362	0.1766	0.1675	0.1955	0.2209	0.1851	0.0304	NA	-0.0427	0.1795	0.1558
V$NRF1_Q6	252	0.2034	NA	0.2223	0.2954	0.2869	0.102	0.2719	0.148	0.0879	0.1874	0.2535	0.2585	0.1115	-0.0579	0.175	-0.0993	0.3069	0.2322
V$NRF2_01	270	-0.0988	NA	0.2518	0.3018	0.2706	0.1179	0.2388	NA	0.1067	0.3123	0.2955	0.2685	0.1887	0.1263	0.1803	0.1166	0.4344	0.3093
V$NRF2_Q4	255	0.1307	NA	0.2592	0.0808	0.1757	0.0601	0.1631	0.2115	0.2153	0.1197	0.1234	0.1378	0.1311	0.0392	NA	-0.153	0.1286	0.0804
V$NRSF_01	97	0.511	NA	0.213	-0.2108	0.1183	0.2698	-0.1143	NA	NA	-0.2503	-0.2106	0.1509	NA	-0.0042	-0.062	-0.3019	0.1377	0.1677
V$OCT_C	268	0.0938	-0.0509	-0.0763	-0.0792	-0.0699	-0.0668	-0.0287	-0.0144	NA	-0.138	-0.0225	0.0506	-0.0376	0.0104	-0.0545	0.1847	-0.1035	-0.0259
V$OCT_Q6	265	-0.0964	-0.1026	-0.1368	-0.2273	-0.0982	-0.0573	-0.0662	-0.0171	-0.0107	-0.1188	NA	0.0214	-0.0674	0.1368	-0.0478	0.2141	-0.0616	-0.0447
V$OCT1_01	266	-0.0536	-0.0742	-0.1726	-0.2299	-0.1365	-0.0639	-0.1009	-0.0709	-0.0909	-0.1747	-0.0519	-0.0707	-0.2305	0.0699	-0.1284	0.2449	-0.1197	-0.1898
V$OCT1_02	214	0.0242	-0.1451	-0.2266	-0.2088	-0.1816	-0.107	-0.2361	-0.0931	-0.1877	-0.2035	-0.15	-0.1648	-0.1446	-0.0847	-0.0798	0.0296	-0.1938	-0.2702
V$OCT1_03	230	-0.1403	-0.1421	-0.2609	-0.2325	-0.2303	-0.0227	-0.3043	-0.2225	-0.1495	-0.152	-0.1514	-0.1472	-0.1451	-0.2548	-0.082	-0.1141	-0.1662	-0.1632
V$OCT1_04	241	-0.0136	-0.1383	-0.1172	-0.1072	-0.2457	-0.0814	-0.1631	-0.1014	-0.2219	-0.2715	-0.1547	-0.1178	-0.2425	-0.2485	-0.1429	0.0514	-0.2153	-0.2111
V$OCT1_05	254	0.0719	-0.1195	-0.183	-0.1182	-0.2669	-0.1096	-0.1961	-0.0919	NA	-0.3757	-0.0995	-0.0991	-0.1112	-0.0691	-0.0927	0.2589	-0.1492	-0.1646
V$OCT1_06	266	0.1528	-0.0356	-0.0836	-0.0411	-0.2218	-0.1253	-0.093	-0.0529	-0.0821	-0.2659	-0.0365	-0.0596	-0.1216	-0.1573	NA	0.1369	-0.1104	-0.128
V$OCT1_07	162	0.0594	-0.145	-0.2243	-0.0975	-0.1311	-0.0764	-0.1955	-0.0682	-0.1159	-0.0524	-0.1475	-0.1294	-0.2489	0.1351	-0.116	-0.1359	-0.1806	-0.1358
V$OCT1_B	267	0.0842	-0.1168	-0.108	-0.1631	-0.1106	-0.0151	-0.0687	-0.0111	-0.0577	-0.1721	-0.0084	0.059	-0.0863	-0.0164	-0.0648	0.2182	-0.1226	-0.1141
V$OCT1_Q5_01	273	-0.0588	-0.0965	-0.11	-0.22	-0.1217	-0.0937	-0.0518	-0.0017	NA	-0.1916	-0.0133	0.0399	-0.0631	-0.0219	NA	0.1794	-0.0752	-0.0604
V$OCT1_Q6	270	0.0674	-0.1289	-0.1449	-0.0914	-0.1645	-0.0922	-0.092	-0.0314	NA	-0.266	-0.0129	-0.0404	-0.163	0.1835	NA	0.101	-0.1996	-0.0831
V$OLF1_01	272	0.0577	-0.022	-0.0171	-0.0055	-0.0406	NA	-0.0376	-7e-04	NA	-0.1022	-0.0485	0.06	NA	-0.2142	-0.0394	-0.0245	-0.004	-0.0752
V$OSF2_Q6	264	0.0268	-0.0239	-0.1204	-0.0412	-0.042	0.0661	-0.015	-0.0045	-0.1099	-0.1365	-0.0339	-0.0554	-0.0022	-0.0133	-0.0155	-0.0467	-0.0455	NA
V$P300_01	249	-0.0165	-0.0459	-0.0163	-0.0391	NA	-0.0438	0.026	-0.0271	-0.1079	NA	-0.0191	-0.0226	NA	0.1065	-0.0945	-0.1488	-0.0081	NA
V$P53_02	254	0.1877	-0.0742	0.0285	-0.0711	-0.0749	0.0428	-0.0243	-0.06	-0.0298	-0.0462	-0.0466	0.01	NA	-0.0488	NA	0.0405	-0.0882	-0.0604
V$P53_DECAMER_Q2	256	-0.0184	-0.0322	-1e-04	-0.0518	-0.1352	-0.0038	-0.0035	0.0463	0.0487	-0.1058	-0.0617	-0.0088	NA	-0.0727	NA	0.0361	-0.0909	0.0267
V$PAX_Q6	259	0.069	-0.0601	0.0291	NA	-0.099	0.0658	-0.0335	-0.02	NA	-0.0884	NA	0.0534	0.1556	0.1245	-0.0697	0.0337	0.0745	0.1257
V$PAX2_01	58	-0.1145	-0.027	-0.0703	-0.0529	-0.0515	0.2336	-0.1911	-0.0659	-0.1354	0.0293	-0.0022	-0.1918	NA	-0.0649	NA	0.1833	-0.1992	-0.1209
V$PAX2_02	258	-0.0699	-0.1215	-0.1499	-0.1745	-0.2698	-0.1883	-0.1573	-0.1544	-0.2421	-0.228	-0.2126	-0.1312	-0.1033	-0.1383	-0.2243	-0.0039	-0.2458	-0.1497
V$PAX3_01	22	0.4283	-0.1248	0.0831	-0.1103	-0.1473	0.4645	-0.1663	NA	-0.4583	-0.1198	-0.1344	-0.1153	-0.2529	-0.1117	-0.1838	-0.3724	-0.029	0.1354
V$PAX3_B	90	-0.1853	0.1262	-0.0027	0.0503	-0.0135	-0.0325	-0.099	-0.1179	-0.0396	0.0565	-0.226	-0.0021	-6e-04	-0.1311	-0.0604	-0.0099	-0.0537	-0.0321
V$PAX4_01	262	0.0349	-0.0116	NA	-0.0149	0.0287	0.0436	0.0758	NA	-0.0064	NA	0.0655	0.0298	NA	0.0065	NA	-0.0147	NA	NA
V$PAX4_02	237	0.1098	-0.0851	-0.0774	-0.0684	-0.2293	-0.0788	-0.1206	-0.1305	-0.1083	-0.2569	-0.0871	-0.1933	-0.1284	-0.1325	-0.1578	0.1396	-0.1776	-0.1725
V$PAX4_03	253	0.0685	-0.0185	0.0095	-0.0247	-0.0175	0.1027	NA	-0.0041	-0.0198	-0.019	-0.0102	0.0414	-1e-04	-0.3171	-0.0613	0.2152	NA	NA
V$PAX4_04	218	-0.123	-0.1573	-0.2492	-0.1622	-0.2858	-0.0313	-0.2041	-0.203	-0.1795	-0.1713	-0.1814	-0.2297	-0.0776	-0.2188	-0.0393	-0.0256	-0.2438	-0.1157
V$PAX5_01	154	-0.0229	-0.0263	-0.0663	-0.0405	-0.0265	-0.036	NA	-0.0763	NA	-0.0331	-0.0972	-0.0805	-0.0324	-0.0248	-0.0064	0.0141	-0.0616	-0.1005
V$PAX5_02	17	-0.5487	NA	-0.2268	0.0646	-0.187	-0.2231	0.0695	NA	NA	-0.2124	-0.0104	-0.178	NA	0.41	NA	-0.4372	0.1563	NA
V$PAX6_01	101	-0.1635	NA	-0.0129	0.0681	-0.1363	0.1326	-0.2227	NA	0.0874	-0.0956	0.0944	-0.0548	NA	0.0332	0.2342	0.1448	NA	0.0833
V$PAX8_01	38	-0.1503	-0.3798	-0.1948	NA	-0.0975	0.2116	-0.1502	-0.1394	-0.1741	0.0886	-0.2413	-0.168	-0.3585	-0.4557	NA	0.1329	-0.2071	-0.2102
V$PAX8_B	106	0.2844	-0.1148	-0.0283	-0.0819	-0.2169	0.073	-0.076	NA	-0.0075	-0.0663	-0.234	-0.0364	-0.0586	-0.1147	-0.0204	-0.0892	-0.0295	NA
V$PBX1_01	252	0.0985	NA	-0.0844	-0.0835	0.0625	-0.0063	-0.0788	0.0561	-0.006	-0.144	NA	NA	-0.1576	0.1612	NA	-0.1364	-0.0673	-0.0549
V$PBX1_02	128	0.0735	-0.1301	-0.2976	-0.0864	NA	0.1276	-0.0859	-0.0717	NA	-0.0351	-0.0771	-0.0206	-0.048	-0.1857	-0.0891	0.0368	-0.0411	-0.0932
V$PEA3_Q6	255	-0.2625	-0.0255	0.1181	-0.0507	-0.0279	-0.0064	0.2115	-0.0439	0.187	NA	0.1195	0.2373	-0.0948	0.1359	NA	-0.2336	0.2849	0.0782
V$PIT1_Q6	236	0.1078	-0.0068	-0.0132	-0.0643	-0.1503	-0.1276	-0.1672	-0.0043	-0.0222	-0.1997	-0.0853	-0.0673	-0.1794	-0.0896	-0.1083	0.06	-0.2403	-0.1209
V$PITX2_Q2	255	-0.0762	-0.0705	-0.1341	-0.1206	-0.0949	-0.0761	-0.0823	-0.0675	-0.0569	-0.0758	-0.0511	-0.1298	-0.1311	-0.0614	-0.0096	0.1222	-0.1747	-0.0472
V$POU1F1_Q6	238	0.0652	-0.0743	-0.0694	-0.0777	-0.1113	-7e-04	-0.0931	-0.0367	-0.1148	-0.1116	-0.1028	-0.1133	-0.0627	0.1409	-0.109	0.2072	NA	-0.0743
V$POU3F2_01	100	0.1658	0.1353	-0.1001	NA	-0.0615	-0.0352	-0.0949	-0.0325	-0.1193	-0.1467	-0.0181	-0.1827	-0.029	-0.0673	-0.0189	0.0591	-0.0591	-0.1046
V$POU3F2_02	260	-0.0301	NA	-0.1022	-0.0108	-0.0664	NA	-0.0319	0.0471	NA	-0.1221	-0.0252	-0.0354	-0.0741	-0.17	-0.1195	0.1845	-0.0876	-0.0225
V$POU6F1_01	240	0.1394	-0.0626	-0.1452	-0.0875	-0.1721	-0.1539	-0.2301	-0.0564	-0.0615	-0.085	-0.1333	-0.1222	-0.1297	NA	-0.1292	0.0371	-0.2117	-0.1377
V$PPAR_DR1_Q2	259	0.0018	NA	0.0398	-0.092	0.136	NA	-0.0028	NA	-0.0675	0.1135	0.0689	0.0605	NA	-0.0268	-0.127	-0.0911	0.1041	0.0266
V$PPARA_01	37	0.0986	-0.2822	-0.1523	-0.3308	0.1373	-0.0625	0.0453	NA	0.2312	-0.1042	NA	-0.0563	NA	-0.3021	-0.1801	-0.487	0.1025	-0.0527
V$PPARA_02	129	0.122	-0.0674	0.0651	-0.021	NA	NA	0.1196	NA	-0.0659	NA	-0.0381	0.0404	NA	-0.0936	-0.0754	-0.0604	-0.0216	-0.0324
V$PPARG_01	46	0.1341	NA	0.3989	0.3768	0.31	NA	0.0387	0.2313	0.1406	0.1953	0.2756	0.3742	-0.0121	0.1499	NA	0.1285	0.3222	0.1231
V$PR_01	148	0.0174	-0.0642	0.0128	-0.0529	-0.0826	-0.2872	0.0665	-0.0168	-0.054	-0.0865	0.0534	NA	-0.1039	-0.3897	-0.0203	-0.119	NA	-0.0754
V$PR_02	136	-0.0226	NA	-0.0898	-0.0092	-0.1163	-0.1597	-0.0192	-0.0796	-0.1927	-0.0123	-0.004	-0.0812	-0.0288	-0.005	-0.1184	-0.0258	-0.0613	-0.0913
V$PR_Q2	266	0.0432	-0.0232	-0.0239	-0.0603	-0.1267	-0.1074	-0.128	-0.0194	-0.0931	-0.1227	-0.0398	-0.0431	-0.0281	-0.0394	-0.1329	0.1767	-0.0501	-0.0267
V$PTF1BETA_Q6	244	0.0387	-0.0982	-0.0684	NA	-0.0208	NA	NA	-0.0561	-0.0518	-0.0372	-0.0891	-0.1041	-0.0484	0.0204	NA	-0.0175	-0.1129	-0.078
V$PU1_Q6	234	-0.1323	NA	0.1195	NA	-0.0454	-0.0427	0.1905	NA	0.1054	0.0536	0.1685	0.1612	0.091	-0.0051	0.1293	0.0469	0.1163	0.0993
V$PXR_Q2	256	-0.0623	-0.0827	-0.04	-0.0512	-0.0745	0.0439	-0.0896	-0.0559	-0.0418	-0.0882	-0.0918	0.0376	-0.0507	-0.2421	-0.064	-0.1441	-0.1203	0.0337
V$RFX1_01	256	0.0422	-0.0641	0.018	-0.0736	0.074	-0.0109	-0.11	-0.044	-0.1501	0.0359	-0.0972	-0.0282	-0.046	NA	NA	-0.1469	-0.0162	-0.0428
V$RFX1_02	278	0.1926	-0.0346	-0.0096	-0.1294	-0.0071	-0.0355	-0.106	-0.0408	-0.0216	-0.0674	-0.0592	-0.0333	-0.0733	0.112	-0.1041	-0.252	-0.0315	-0.0961
V$RORA1_01	242	0.0919	-0.0148	0.0216	-0.0582	0.0307	-0.1415	-0.1116	-0.0401	NA	-0.1034	-0.0082	NA	-0.0415	NA	NA	0.0528	-0.0362	-0.0174
V$RORA2_01	151	0.1322	-0.1528	-0.0978	-0.0867	-0.1139	-0.1409	-0.1765	-0.0995	-0.1768	-0.0619	-0.209	-0.1997	-0.0793	-0.0823	-0.0305	0.0825	-0.0849	-0.1723
V$RP58_01	207	-0.1621	-0.2609	-0.2796	-0.1182	-0.3006	NA	-0.2781	-0.1569	-0.1185	-0.2662	-0.1257	-0.2658	-0.1417	-0.0585	-0.3851	-0.0419	-0.2228	-0.1662
V$RREB1_01	207	-0.003	NA	-0.048	-0.055	-0.0264	-0.0082	NA	-0.0097	-0.0548	-0.0461	-0.0199	0.0384	-0.0246	0.221	-0.0971	0.1284	-0.0317	NA
V$RSRFC4_01	245	0.0344	-0.0735	-0.1926	-0.03	-0.0725	-0.1132	-0.1879	-0.0491	-0.1257	-0.1927	-0.1191	-0.1081	-0.0614	0.0292	-0.0777	0.2013	-0.0412	-0.1418
V$RSRFC4_Q2	214	-0.0035	-0.0746	-0.1966	-0.0344	-0.1749	-0.162	-0.2457	-0.0533	-0.1777	-0.2429	-0.1699	-0.1558	-0.06	0.0112	-0.1244	-0.0463	-0.1411	-0.1931
V$S8_01	245	0.1067	-0.1006	-0.1398	-0.0832	-0.2522	-0.0287	-0.1977	-0.1372	-0.1818	-0.3079	-0.0904	-0.1622	-0.1191	-0.3696	-0.175	0.1151	-0.1992	-0.109
V$SF1_Q6	257	0.0107	NA	0.1212	-0.0492	0.0615	0.1428	0.2531	0.1654	0.1297	0.0456	0.1408	0.0801	0.1116	0.0467	0.0842	0.1641	0.1833	0.0403
V$SMAD_Q6	255	-0.0192	-0.0056	0.0393	0.0471	-0.0612	-0.1595	0.0199	-0.0155	-0.0029	-0.023	-0.047	NA	-0.106	-0.0709	-0.0206	-0.1671	0.0229	-0.0292
V$SMAD3_Q6	239	0.0089	-0.0455	-0.0391	-0.0734	-0.1392	-0.0647	-0.0093	-0.0798	-0.0328	NA	-0.0179	-0.0947	-0.0186	-0.1196	-0.1408	0.2072	-0.0393	-0.1139
V$SMAD4_Q6	241	0.2416	-0.0317	0.0163	0.0095	-0.1035	-0.023	-0.0229	-0.0162	-0.022	-0.009	NA	0.0023	-0.0136	-0.084	NA	0.0793	-0.0198	NA
V$SOX5_01	265	-0.0473	-0.0853	-0.2078	-0.1118	-0.0626	-0.0746	-0.2164	-0.1954	-0.1215	-0.0867	-0.1913	-0.1997	-0.1922	0.026	-0.0394	-0.0484	-0.2286	-0.1644
V$SOX9_B1	237	-0.1466	-0.1515	-0.1782	-0.0504	-0.1344	0.0703	-0.1837	-0.1088	-0.0286	0.0295	-0.1448	-0.1572	-0.0745	0.0945	NA	-0.0765	-0.191	-0.1218
V$SP1_01	237	-0.0256	-0.0815	0.0509	-0.0647	-0.0106	-0.023	NA	-0.0653	-0.0721	0.2217	-0.149	-0.1105	-0.0437	-0.2693	0.0753	-0.0918	-0.0259	-0.0564
V$SP1_Q2_01	245	0.0292	-0.0082	-0.0286	-0.0899	0.0787	NA	0.1066	-0.0125	NA	0.0518	-0.0022	-0.0377	NA	-0.1066	NA	-0.1636	NA	0.0401
V$SP1_Q4_01	258	-0.0025	-0.0134	0.0811	0.0671	0.0825	-0.0067	0.2055	-0.051	NA	0.0686	NA	0.0796	-0.0407	-0.0313	-0.032	-0.1892	0.1258	0.042
V$SP1_Q6	256	0.0117	-0.0018	0.0648	0.0579	0.0667	NA	0.1704	-0.0594	-0.0479	0.0651	-0.0109	0.0631	-0.0262	0.0112	NA	-0.3374	0.1133	0.0378
V$SP1_Q6_01	243	0.0178	-0.0082	0.0865	-0.0413	NA	0.0897	0.3372	-0.0388	NA	0.1379	0.0555	0.0592	NA	0.0924	-0.0454	-0.1998	0.2006	0.1091
V$SP3_Q3	245	0.1738	NA	0.0098	0.0537	-0.0893	NA	0.068	NA	0.0402	-0.0366	-0.0248	NA	NA	-0.0358	-0.0417	0.1449	-0.0393	-0.0662
V$SPZ1_01	231	0.1606	0.0511	-0.0119	0.0899	0.0258	NA	0.0662	-0.0193	NA	0.1153	NA	-0.0425	NA	0.0934	-0.001	-0.0502	0.0761	0.0463
V$SREBP_Q3	258	0.1891	-0.0231	-0.0748	-0.0641	0.0243	NA	0.0395	-0.0183	-0.0026	0.0212	-0.0116	-0.0349	NA	-0.1615	-0.0284	0.034	0.0265	-0.0188
V$SREBP1_01	168	-0.0932	NA	0.2327	0.3959	0.11	NA	0.2386	0.176	NA	0.0549	0.2165	0.2772	0.1264	-0.1272	0.0823	0.0375	0.2068	0.1513
V$SREBP1_02	88	-0.0425	-0.0325	-0.2368	-0.0444	-0.0215	NA	0.0788	-0.0404	NA	-0.0355	NA	-0.0711	-4e-04	-0.3089	-0.0196	0.1045	0.1576	-0.0647
V$SREBP1_Q6	245	0.0474	-0.0636	-0.0954	-0.1782	-0.0233	NA	0.1358	-0.0478	NA	NA	-0.0091	0.0167	NA	-0.3036	-0.1434	-0.1638	0.0274	-0.0533
V$SRF_01	50	-0.4781	-0.6765	-0.3968	-0.2428	-0.6868	-0.072	-0.204	-0.5309	-0.1607	-0.1868	-0.5809	-0.548	-0.1856	0.2295	-0.8332	-0.0611	-0.4792	-0.7462
V$SRF_C	211	-0.2959	-0.361	-0.2387	-0.1291	-0.4334	-0.1108	-0.16	-0.3885	-0.1447	-0.0995	-0.2498	-0.32	-0.1063	0.0812	-0.4434	0.1081	-0.2173	-0.2183
V$SRF_Q4	221	-0.2196	-0.2817	-0.2229	-0.1531	-0.3557	-0.0362	-0.1864	-0.3549	-0.1267	-0.1811	-0.2677	-0.2251	-0.0685	-0.0459	-0.3747	0.2235	-0.2293	-0.2169
V$SRF_Q5_01	220	-0.2508	-0.2705	-0.2313	-0.151	-0.3902	-0.0621	-0.1754	-0.3634	-0.0974	-0.1504	-0.2485	-0.335	-0.1346	0.1738	-0.398	0.0378	-0.215	-0.2585
V$SRF_Q6	241	-0.2399	-0.3322	-0.2292	-0.1895	-0.4521	-0.0894	-0.0981	-0.3488	-0.2086	-0.2509	-0.2499	-0.2674	-0.1602	0.1161	-0.4393	0.0613	-0.2735	-0.2069
V$SRY_01	224	-0.1554	-0.185	-0.1886	-0.1514	-0.1849	-0.1879	-0.1095	-0.2205	-0.288	-0.1309	-0.1901	-0.236	-0.2735	-0.0261	-0.2499	-0.1144	-0.0983	-0.1788
V$SRY_02	255	-0.0377	-0.1759	-0.2422	-0.0646	-0.1984	-0.0679	-0.2128	-0.1356	-0.1467	-0.1014	-0.1202	-0.2082	-0.2106	-0.0092	-0.0898	0.0246	-0.2871	-0.241
V$STAT_01	253	0.0433	-0.0459	0.0666	0.0278	-0.038	-0.0886	-0.0442	-0.0118	-0.0919	-0.0651	-0.0133	-0.0143	-0.1007	0.1946	-0.0803	0.1047	0.0733	0.0335
V$STAT_Q6	260	0.061	-0.0421	0.0251	-0.0013	-0.0124	-0.0128	-0.0485	-0.0015	-0.0302	NA	0.0626	NA	-0.0588	-0.101	-0.0191	0.0459	-0.0353	NA
V$STAT1_01	68	0.0604	0.1524	0.298	0.1359	-0.0031	-0.0264	0.0806	-0.0066	-0.1638	NA	NA	-0.0693	NA	-0.24	-0.117	-0.3944	0.097	0.1151
V$STAT1_02	252	-0.0425	NA	0.1927	0.1265	0.1132	0.0844	0.1313	NA	-0.0052	0.1181	0.1557	0.1288	NA	NA	0.085	0.0853	0.1598	0.1151
V$STAT1_03	248	0.0014	-0.0171	0.1363	0.0494	-0.0042	0.0794	0.1265	NA	-0.042	NA	0.1354	0.1343	NA	0.0266	NA	-0.1138	0.1159	0.0415
V$STAT3_01	22	-0.6978	-0.553	0.0952	-0.033	-0.3437	-0.0417	-0.1839	-0.4	-0.1374	NA	-0.2379	0.2216	-0.2418	0.4263	-0.4316	0.099	-0.1443	-0.3011
V$STAT3_02	147	-0.0368	NA	0.0259	0.0592	NA	NA	0.0425	-0.0211	-0.0489	-0.0128	NA	-0.0332	-0.0383	-0.2138	-0.0339	0.0607	-0.0028	-0.0832
V$STAT4_01	266	-0.1468	-0.0456	-0.0612	-0.0254	-0.1423	-0.0664	-0.206	-0.093	-0.0908	-0.1574	-0.0415	-0.0585	-0.0267	-0.0186	-0.1237	-0.0024	-0.112	-0.0312
V$STAT5A_01	251	-0.1083	-0.0895	-0.0044	-0.1126	-0.1712	-0.0382	-0.0535	-0.0893	-0.1168	-0.141	-0.0272	-0.0478	-0.0935	-0.0471	-0.1544	0.0688	NA	-0.0499
V$STAT5A_02	141	-0.2314	-0.0944	-0.1005	-0.1979	-0.0824	-0.1356	-0.2532	-0.1723	-0.1944	-0.0735	-0.1524	-0.0769	-0.2217	-0.4103	-0.2238	0.1916	-0.1172	-0.2326
V$STAT5A_03	265	0.036	-0.0078	-0.0656	0.0333	-0.148	-0.0419	NA	-0.0614	-0.1266	-0.0866	-0.0213	-0.0487	-0.1396	-0.1509	-0.0958	0.2251	-0.0019	-0.0643
V$STAT5A_04	213	0.0434	NA	-0.0168	-0.0284	NA	-0.0444	-0.183	NA	-0.0787	0.0527	-0.0783	-0.0495	-0.0347	-0.1102	-0.0997	-0.0799	-0.1118	NA
V$STAT5B_01	247	-0.168	-0.1201	-0.044	-0.0562	-0.2051	-0.0338	-0.0953	-0.0918	-0.1417	-0.1873	-0.0595	-0.0513	-0.0885	-0.1368	-0.2326	-0.0792	-0.0244	-0.0968
V$STAT6_01	264	0.059	NA	-0.028	0.0829	-0.055	-0.0858	0.0357	-0.0091	-0.0153	-0.0657	-0.0484	-0.0376	-0.0183	0.0962	-0.1103	-0.0124	-0.0114	0.0267
V$STAT6_02	258	-0.1238	-0.0987	-0.0235	-0.1188	-0.1033	-0.1453	0.0024	-0.0997	-0.0866	-0.0931	NA	0.0579	-0.0504	0.0147	-0.0151	0.0015	0.0854	-0.1044
V$T3R_Q6	251	0.1025	NA	0.0677	-0.1026	0.0341	0.1794	-0.0231	0.094	0.0719	-0.0125	-0.0185	NA	0.1127	-0.433	NA	0.1003	0.0932	-0.0177
V$TAL1ALPHAE47_01	252	0.0207	-0.0263	-0.1397	-0.0997	-0.1346	-0.1028	-0.1783	-0.0608	-0.1612	-0.1802	-0.0785	-0.1593	-0.2445	-0.0692	-0.1535	0.0061	-0.1393	-0.0961
V$TAL1BETAE47_01	248	0.0537	NA	-0.1049	-0.157	-0.1031	-0.1889	-0.1451	-0.0171	-0.0899	-0.1843	-0.0068	-0.1091	-0.1631	0.04	-0.1772	0.0991	-0.0847	-0.1155
V$TAL1BETAITF2_01	256	0.0099	NA	-0.1468	-0.1198	-0.0929	-0.0779	-0.1592	-0.0311	-0.0883	-0.1821	-0.0365	-0.1576	-0.0849	-0.0222	-0.1546	0.0115	-0.1135	-0.1476
V$TATA_01	255	0.0806	NA	0.0522	-0.0439	-0.1425	-0.0225	0.0867	NA	0.11	-0.1264	0.0375	-0.0035	NA	-0.041	-0.1012	0.0599	-0.04	NA
V$TATA_C	283	-6e-04	-0.0374	-0.0405	-0.0901	-0.1904	-0.0774	NA	-0.0097	-0.019	-0.0925	-0.0218	-0.0657	NA	0.0729	-0.0889	-0.0329	-0.1119	-0.0387
V$TAXCREB_01	137	-0.1945	-0.2081	-0.0554	0.0683	NA	NA	-0.0632	-0.0456	-0.0313	0.0725	-0.0516	-0.0019	-0.0063	0.0205	NA	-0.1247	-0.0144	-0.0287
V$TAXCREB_02	26	-0.0134	NA	NA	-0.1044	0.0367	0.4774	-0.2026	NA	-0.2274	0.1766	NA	-0.0122	NA	0.4598	-0.056	0.0291	-0.0708	-0.113
V$TBP_01	245	0.0123	-0.0305	-0.026	-0.0978	-0.1398	-0.1544	-0.0023	-0.0466	NA	-0.1562	-0.0821	-0.0652	NA	-0.0597	-0.0479	0.0734	-0.0732	-0.1378
V$TCF11_01	253	-0.0529	NA	-0.1658	-0.0027	-0.1585	-0.1157	-0.1444	-0.1582	-0.0389	-0.1371	-0.1538	-0.1386	-0.1292	-0.1431	-0.1181	-0.0918	-0.2301	-0.0407
V$TCF11MAFG_01	207	0.145	0.1087	0.1495	0.0959	0.122	NA	0.0374	0.1721	0.2094	0.0725	0.0909	0.1596	0.1253	0.0936	0.1661	-0.2833	0.0919	0.1737
V$TCF1P_Q6	266	0.0184	NA	-0.0123	-0.0107	-0.0083	0.0387	0.063	-0.0031	-0.0615	0.0941	NA	0.0431	NA	-0.0368	NA	-0.0447	0.0352	0.0563
V$TCF4_Q5	242	0.0695	-0.0727	-0.0534	-0.0675	NA	-0.2236	-0.0464	-0.0449	-0.0274	-0.072	-0.0469	-0.0695	-0.0866	-0.386	-0.0359	-0.0125	-0.089	-0.0124
V$TEF_Q6	255	-0.0199	-0.1201	-0.1887	-0.0682	-0.1904	-0.0526	-0.0538	-0.0772	-0.1336	-0.0718	-0.0775	-0.0632	-0.1951	-0.1709	-0.1432	0.1009	-0.1802	-0.1471
V$TEF1_Q6	226	-0.0225	-0.1312	-0.0634	-0.0674	-0.0755	-0.037	0.0308	-0.1832	-0.1069	NA	-0.0046	NA	-0.0538	-0.0516	-0.1174	-0.0831	-0.0029	NA
V$TEL2_Q6	233	-0.1596	-0.028	0.227	0.1934	0.1145	NA	0.1591	NA	0.0868	0.1022	0.2382	0.2396	0.1565	0.2468	0.12	-0.3409	0.295	0.1079
V$TFIIA_Q6	251	-0.1122	-0.195	-0.1845	-0.0152	-0.1706	NA	-0.0179	-0.0975	-0.0504	-0.0572	-0.0998	0.0223	-0.0473	-0.0511	-0.0933	0.0082	-0.0261	-0.1531
V$TFIII_Q6	205	0.1047	-0.03	-0.0477	NA	-0.057	NA	0.1001	-0.0491	-0.063	-0.0395	-0.0394	-0.0314	-0.1337	-0.2515	-0.0492	-0.1501	NA	NA
V$TGIF_01	247	0.0027	NA	0.1019	0.0264	-0.0355	0.084	-0.0774	0.0476	NA	NA	-0.0106	NA	-0.0057	-0.0048	NA	-0.0274	-0.0223	NA
V$TITF1_Q3	239	0.0539	-0.006	-0.0993	-0.146	-0.0435	-0.0112	-0.0901	-0.1434	-0.091	-0.0955	-0.0333	NA	-0.0637	-0.0748	-0.0529	-0.0098	-0.0431	-0.0252
V$TST1_01	262	0.006	-0.0387	-0.0472	-0.0021	-0.0476	-0.0681	-0.1201	-0.0261	-0.0293	-0.0276	-0.0472	-0.0422	-0.0143	-0.0892	-0.0343	-0.0433	-0.1248	-0.0857
V$TTF1_Q6	262	0.0141	-0.0211	-7e-04	-0.0103	-0.0452	-0.0134	-0.0318	NA	-0.0333	-0.0146	-0.042	-0.0476	-0.0165	-0.1593	-0.0281	0.0063	NA	-0.0712
V$USF_01	256	-0.0602	0.0828	0.244	0.2321	0.1665	0.0635	0.1794	0.1922	0.0723	0.1537	0.1569	0.1469	0.1112	0.2425	0.0665	0.0679	0.24	0.2123
V$USF_02	272	-0.023	-0.0065	0.1613	0.2438	0.1002	0.0391	0.0607	0.0777	-0.0514	0.0906	-0.0381	0.1437	0.1234	0.0802	0.0825	0.1333	0.1026	0.129
V$USF_C	279	0.0368	0.1809	0.1693	0.259	0.1517	0.1722	0.2261	0.1937	0.1698	0.1087	0.2194	0.2456	0.2029	0.0931	NA	0.0757	0.1863	0.2694
V$USF_Q6	259	-0.0185	0.0575	0.1473	0.1577	0.1304	NA	0.0884	0.0972	-0.0216	0.1082	0.1055	0.1441	NA	0.0342	-0.0372	0.0801	0.1339	0.1225
V$USF_Q6_01	239	-0.0371	NA	0.0948	0.112	0.0641	-0.0432	0.1802	0.0907	-0.0372	NA	0.1159	0.0788	NA	0.1033	-0.006	-8e-04	0.1451	0.1166
V$USF2_Q6	251	-0.1888	-0.0019	0.0753	0.1035	0.1663	0.2099	0.103	-4e-04	0.078	0.1975	0.0836	0.1034	0.1081	0.0776	0.0904	-0.1717	0.2772	0.1239
V$VDR_Q3	225	0.0732	NA	-0.0416	NA	-0.0379	NA	-0.0101	NA	-0.0213	NA	0.0456	NA	NA	-0.1237	NA	0.0472	NA	-0.036
V$VDR_Q6	269	0.2167	NA	0.0433	-0.061	-0.0364	0.0525	-0.0109	-0.0015	0.0524	-0.0214	-0.0255	-0.0183	NA	-0.113	-0.0789	-0.1214	-0.0168	-0.0176
V$WHN_B	254	-0.1	0.08	-0.0092	0.0809	0.0913	NA	-0.0158	NA	0.0604	0.0583	NA	-0.0233	0.0804	-0.0364	0.145	0.024	0.0461	0.0501
V$XBP1_01	133	-0.0153	-0.0281	-0.0295	NA	-0.0043	-0.1307	-0.0492	-0.1602	NA	-0.0147	-0.0715	-0.0016	NA	0.0092	-0.0826	-0.1362	-0.0231	0.0505
V$YY1_01	246	-0.0063	NA	0.0352	0.0783	NA	0.0629	-0.0703	-0.0068	0.0596	-0.0136	-0.0225	-0.0329	NA	0.0956	0.0816	0.0126	NA	-0.0194
V$YY1_02	242	-0.0053	-0.0506	0.0242	0.1065	0.1032	NA	NA	-0.021	NA	0.1375	-0.0256	-0.0313	NA	-0.0175	-0.0913	0.0856	NA	0.0473
V$YY1_Q6	245	-0.0022	-0.0454	0.1126	0.1173	0.1946	0.1051	0.1519	-0.0119	-0.0148	0.212	NA	0.1991	0.0708	0.2204	0.1318	-0.0546	NA	0.1571
V$ZF5_01	238	-0.0059	NA	0.0835	0.0426	0.1727	0.2214	0.173	NA	0.1619	0.0659	0.0958	0.0924	NA	0.0176	0.0621	0.0817	0.1395	0.1498
V$ZF5_B	239	0.049	NA	0.0599	-0.0123	0.0922	0.1415	0.1676	0.0994	NA	0.1145	NA	0.1345	NA	0.0209	NA	0.138	0.1014	0.0744
V$ZIC1_01	261	0.0468	-0.0379	-0.0137	-0.0103	-0.0595	0.0814	0.123	0.0408	-0.0548	-0.0256	0.0221	0.0245	-0.0211	0.0948	-0.026	-0.0832	NA	-0.0196
V$ZIC2_01	247	0.0531	NA	0.0402	NA	-0.0052	NA	0.1218	NA	-0.0014	NA	0.0398	0.0316	NA	0.0293	-0.0818	-0.0863	NA	-0.0041
V$ZIC3_01	255	0.0479	-0.0207	0.0087	-0.0899	-0.0611	NA	NA	-0.0071	-0.0784	-0.1078	-0.0213	-0.0783	NA	-0.0627	-0.1172	0.0211	-0.0549	-0.0195
V$ZID_01	259	0.0857	-0.0128	0.0495	-0.0299	-0.0832	0.1707	NA	-0.0508	0.0737	0.023	-0.0134	0.0217	NA	0.0188	-0.005	-0.1373	NA	NA
WCAANNNYCAG_UNKNOWN	254	-0.0377	NA	-0.0202	-0.0051	0.0507	0.0369	0.1103	-0.0124	NA	-0.0287	-0.0239	-0.0345	-0.009	-0.0631	-0.0061	0.031	0.1143	0.0465
WCTCNATGGY_UNKNOWN	82	0.0207	-7e-04	-0.1096	0.2093	0.255	-0.0815	-0.0553	NA	NA	0.2021	-0.1262	NA	NA	-0.0337	NA	-0.0293	0.1488	0.0754
WGGAATGY_V$TEF1_Q6	378	-0.0355	-0.0675	-0.0419	-0.0423	-0.1064	-0.0649	NA	-0.1093	-0.1283	-0.0544	-0.0989	-0.0672	-0.0221	-0.0244	-0.1325	-0.0156	-0.0646	-0.0515
WWTAAGGC_UNKNOWN	142	-0.0122	-0.1256	-4e-04	0.079	-0.1448	NA	-0.0057	-0.146	NA	NA	-0.0499	-0.163	-0.0167	0.1867	-0.0774	0.1155	-0.1713	-0.0499
YATGNWAAT_V$OCT_C	360	0.1283	-0.0189	-0.0794	-0.1511	-0.0633	-0.0624	0.038	-0.0258	NA	-0.1639	-0.0036	-0.0135	-0.0557	0.0901	-0.1579	0.1625	-0.0235	-0.1202
YATTNATC_UNKNOWN	377	0.065	-0.0447	-0.0912	-0.1406	-0.1295	-0.0689	-0.102	-0.051	-0.0947	-0.2451	-0.0737	-0.0834	-0.0428	-0.0477	-0.1147	0.0282	-0.1195	-0.0895
YGACNNYACAR_UNKNOWN	96	-0.022	-0.0103	0.0792	-0.0747	NA	-0.2176	0.0767	-0.0912	-0.0431	NA	-0.0998	-0.045	NA	0.1233	-0.0097	0.2013	-0.0395	-0.05
YGCANTGCR_UNKNOWN	126	-0.0236	-0.0385	0.0818	NA	-0.0147	0.0791	NA	NA	-0.1076	NA	-0.018	-0.0227	-0.0059	-0.0326	-0.0117	-0.0838	-0.0848	-0.0128
YGCGYRCGC_UNKNOWN	319	0.0992	0.0636	0.1928	0.1816	0.2429	0.0987	0.1461	0.1691	0.1131	0.1741	0.1584	0.1192	0.099	0.1435	0.139	0.0415	0.2007	0.2397
YGTCCTTGR_UNKNOWN	98	0.043	NA	0.1957	-0.0694	-0.0517	NA	0.0825	0.1891	0.0991	-0.1235	-0.0186	-0.0158	0.2716	0.0465	-0.0298	0.1369	0.1158	-0.0346
YKACATTT_UNKNOWN	276	-0.0471	-0.0586	-0.0796	-0.0076	-0.1371	-0.1635	-0.2124	-0.0765	-0.0328	-0.1864	-0.0882	-0.0912	-0.0985	-0.3221	-0.0582	-0.004	-0.0872	-0.0204
YNGTTNNNATT_UNKNOWN	365	-0.074	0.1316	-0.1456	0.0916	-0.1832	-0.0479	-0.0855	-0.0772	-0.0712	-0.1027	-0.0998	-0.1219	-0.1083	-0.1411	-0.0306	0.1243	-0.1496	-0.0508
YRTCANNRCGC_UNKNOWN	65	-0.0307	0.2891	-0.019	0.1641	0.0675	0.0757	-0.0184	NA	NA	-0.0068	-0.1108	0.1058	NA	-0.2456	-0.008	-0.0518	-0.0079	-0.0349
YTAATTAA_V$LHX3_01	184	0.154	-0.0372	-0.1817	NA	-0.1927	NA	-0.1492	-0.1392	-0.0372	-0.2596	-0.0666	-0.1716	-0.0536	-0.3298	NA	-0.0579	-0.2752	-0.0341
YTAAYNGCT_UNKNOWN	151	-0.1249	-0.0862	-0.1074	0.06	-0.1091	-0.0884	-0.1541	NA	-0.1196	-0.0964	-0.1676	-0.0584	-0.1082	0.0213	-0.0706	0.0148	-0.0496	-0.1019
YTCCCRNNAGGY_UNKNOWN	72	0.0399	-0.0494	0.0047	0.0946	-0.0155	NA	0.1536	NA	-0.1429	0.1243	0.1799	0.0772	NA	-0.2245	-0.0389	-0.3018	0.138	0.1133
YWATTWNNRGCT_UNKNOWN	70	0.108	NA	-0.1538	-0.01	0.0788	NA	-0.0961	NA	NA	-0.2295	-0.1964	-0.01	-0.0869	-0.0329	NA	0.4236	-0.2662	-0.0773
YYCATTCAWW_UNKNOWN	191	-0.0887	NA	0.0463	0.1415	0.1839	NA	0.051	0.1593	0.2405	0.0687	0.1381	0.1844	0.1054	0.2906	0.1215	-0.0409	0.1583	0.1219
