Pathway	Num_genes	CAL	DFHCC	DFHCC2	EXPO	GSE25066	GSE32646	GSE58644	IRB	MAINZ	MAQC2	METABRIC	PNC	STK	STNO2	TRANSBIG	UNC4	UNT	UPP
AAANWWTGC_UNKNOWN	149	0.982	0.982	0.574	0.984	0.595	0.999	0.935	0.009	0.985	0.848	0.88	0.906	0.941	0.992	1	1	0.972	0.604
AAAYRNCTG_UNKNOWN	288	0.986	0.809	0.778	0.964	0.806	0.999	0.879	0.226	0.943	0.836	0.35	0.959	0.998	1	0.926	1	0.945	0.905
AAAYWAACM_V$HFH4_01	193	0.917	0.961	0.903	0.99	0.396	0.991	0.998	0.181	0.971	0.97	0.619	0.989	0.903	1	0.957	1	0.995	0.571
AACWWCAANK_UNKNOWN	110	0.997	1	0.993	0.978	1	1	0.999	0.943	1	0.777	0.999	1	1	1	1	1	1	1
AACYNNNNTTCCS_UNKNOWN	72	0.997	1	0.998	0.873	1	1	0.698	0.999	1	1	0.907	0.826	0.817	1	1	0.999	0.766	0.981
AAGWWRNYGGC_UNKNOWN	97	1	0.997	1	0.998	1	0.975	1	0.939	1	1	0.985	1	1	0.999	1	1	1	1
ACAWNRNSRCGG_UNKNOWN	53	0.997	0.993	1	1	1	1	1	0.766	1	1	1	1	0.999	1	0.994	1	1	1
ACAWYAAAG_UNKNOWN	76	0.995	1	0.967	1	0.996	1	1	0.987	1	0.995	1	1	0.995	0.999	0.996	1	1	1
ACCTGTTG_UNKNOWN	121	0.991	0.993	0.992	0.996	0.965	1	0.999	0.979	0.874	0.998	0.962	1	1	1	0.998	1	1	0.989
ACTAYRNNNCCCR_UNKNOWN	330	1	1	0.853	0.6	0.779	1	0.966	0.999	1	1	1	0.629	1	1	1	1	0.991	1
ACTWSNACTNY_UNKNOWN	70	1	0.993	1	0.951	1	0.979	0.975	0.998	1	0.993	1	0.875	1	1	1	0.996	1	1
AGCYRWTTC_UNKNOWN	94	0.974	0.761	0.969	0.986	0.959	0.999	0.821	0.724	0.87	0.474	0.124	0.931	0.999	1	0.42	1	1	0.957
ARGGGTTAA_UNKNOWN	97	0.984	0.997	0.931	0.999	0.989	1	1	0.938	1	0.993	0.999	1	1	1	0.743	1	1	0.958
ATCMNTCCGY_UNKNOWN	38	1	1	0.998	0.999	0.977	1	0.973	0.996	0.808	1	0.999	1	1	1	1	1	1	1
ATGGYGGA_UNKNOWN	75	1	1	1	0.994	0.977	1	0.918	1	1	1	0.997	0.976	1	1	1	0.847	1	1
CAGGTA_V$AREB6_01	568	0.984	0.988	0.827	0.997	0.998	1	0.999	0.709	0.997	0.993	0.946	0.997	1	1	0.891	1	1	1
CAGNWMCNNNGAC_UNKNOWN	69	0.999	1	1	0.99	1	0.999	1	0.994	1	0.944	1	1	1	1	0.998	1	1	1
CAGNYGKNAAA_UNKNOWN	64	0.805	1	0.993	1	0.967	0.957	1	0.939	0.985	0.973	0.833	0.906	0.959	0.991	0.956	1	0.817	0.832
CATRRAGC_UNKNOWN	104	1	0.999	0.98	0.984	0.967	1	1	0.99	1	0.963	0.999	1	1	1	1	0.301	1	1
CATTGTYY_V$SOX9_B1	289	0.948	1	1	0.996	0.998	1	1	0.764	1	0.991	1	1	1	0.958	0.998	1	1	1
CCAATNNSNNNGCG_UNKNOWN	53	0.999	0.998	0.987	0.82	1	0.787	0.684	0.997	0.802	1	0.724	0.935	1	0.937	0.936	1	0.999	0.601
CCANNAGRKGGC_UNKNOWN	82	0.999	0.976	0.588	0.962	0.993	0.996	0.996	0.639	0.868	0.998	0.313	0.723	0.99	0.896	0.077	1	0.994	0.499
CCAWNWWNNNGGC_UNKNOWN	69	0.999	1	1	0.853	1	1	0.977	0.979	1	1	1	1	1	0.999	1	1	1	1
CCAWWNAAGG_V$SRF_Q4	70	0.667	0.894	0.924	1	0.172	0.984	0.996	0.22	1	0.982	0.996	0.957	1	0.999	1	1	1	1
CCAWYNNGAAR_UNKNOWN	111	0.993	0.981	1	0.996	1	1	0.858	0.848	0.995	1	0.985	0.998	1	1	1	1	0.994	1
CCCNNGGGAR_V$OLF1_01	246	0.995	0.66	0.79	0.999	0.761	0.997	0.998	0.316	1	0.919	0.993	0.984	1	1	0.973	1	1	0.996
CCCNNNNNNAAGWT_UNKNOWN	80	0.965	1	0.992	0.972	0.983	1	0.974	1	1	0.99	1	1	1	1	0.985	1	1	1
CCGNMNNTNACG_UNKNOWN	67	0.841	1	0.887	0.885	0.994	1	1	0.999	1	1	1	0.775	1	1	1	0.165	0.997	1
CCTNTMAGA_UNKNOWN	100	0.978	0.993	0.9	1	0.999	1	1	0.487	1	0.979	1	0.985	1	1	0.998	1	1	1
CGGAARNGGCNG_UNKNOWN	43	0.997	1	1	0.909	1	1	1	0.999	0.969	1	0.981	1	1	0.992	0.599	1	1	1
CGTSACG_V$PAX3_B	120	0.905	1	1	0.99	1	1	1	0.997	1	1	0.999	1	1	1	0.987	1	1	0.996
CRGAARNNNNCGA_UNKNOWN	40	0.984	0.981	0.871	1	1	1	1	0.734	1	0.999	0.922	0.997	1	1	0.964	1	1	1
CTAWWWATA_V$RSRFC4_Q2	288	0.99	0.945	0.9	1	0.983	0.996	0.991	0.413	1	0.904	0.77	0.985	1	1	0.928	1	0.896	0.972
CTCNANGTGNY_UNKNOWN	70	0.999	1	1	1	1	1	1	0.999	1	1	1	1	1	1	0.934	1	1	1
CTGCAGY_UNKNOWN	579	0.986	0.936	0.925	0.998	0.822	1	1	0.59	0.995	0.971	0.935	0.999	1	1	0.894	1	1	0.989
CTGRYYYNATT_UNKNOWN	58	0.999	0.996	0.873	0.977	0.143	1	0.957	0.997	0.979	0.345	1	1	1	1	0.914	1	1	1
CTGYNNCTYTAA_UNKNOWN	62	0.997	1	0.953	1	1	0.996	1	0.819	1	0.979	1	1	1	1	1	0.999	1	1
CYTAGCAAY_UNKNOWN	108	1	0.982	0.504	0.999	1	0.998	0.881	0.895	0.696	0.986	0.197	0.646	0.969	1	0.198	1	0.945	0.397
GAANYNYGACNY_UNKNOWN	59	0.966	1	0.997	0.987	1	0.999	1	0.988	1	0.975	1	1	1	1	0.957	1	1	1
GATAAGR_V$GATA_C	235	0.961	0.978	0.835	0.999	0.837	0.999	1	0.64	0.995	0.843	0.993	0.996	1	1	0.987	1	0.998	1
GATGKMRGCG_UNKNOWN	50	1	0.589	1	1	1	1	1	0.802	0.999	1	0.998	1	1	0.992	0.987	1	1	1
GCCATNTTG_V$YY1_Q6	362	0.997	1	1	0.758	0.992	1	0.954	0.999	1	1	1	0.996	1	1	1	1	1	1
GCCNNNWTAAR_UNKNOWN	118	0.99	0.613	0.579	1	0.586	0.999	1	0.371	1	0.809	0.999	0.997	1	1	0.985	1	1	1
GCGNNANTTCC_UNKNOWN	96	0.937	1	0.998	0.872	0.999	1	1	1	0.967	1	1	0.998	1	1	1	1	0.999	1
GCGSCMNTTT_UNKNOWN	59	0.999	1	0.998	0.307	0.993	1	0.956	1	1	1	0.975	0.988	1	1	1	1	0.992	1
GCTNWTTGK_UNKNOWN	227	0.923	1	0.998	0.971	1	0.999	0.999	0.998	1	1	1	0.999	1	1	0.999	1	1	1
GGAANCGGAANY_UNKNOWN	84	1	1	0.179	0.117	0.582	0.992	0.855	0.996	0.986	0.917	0.379	0.385	0.361	0.964	1	1	0.938	0.413
GGAMTNNNNNTCCY_UNKNOWN	87	1	1	0.928	0.899	1	1	0.951	0.999	1	1	1	0.999	1	1	0.997	1	1	1
GGARNTKYCCA_UNKNOWN	56	0.746	0.933	0.925	1	0.998	1	1	0.98	1	1	1	1	1	0.999	0.998	1	1	1
GGATTA_V$PITX2_Q2	450	0.996	0.997	0.781	0.99	0.997	0.999	0.998	0.812	0.997	0.954	0.678	0.961	1	0.829	0.975	1	0.982	0.988
GGCKCATGS_UNKNOWN	53	0.997	1	1	1	1	0.997	0.998	0.984	1	1	0.998	0.996	0.986	0.994	0.807	1	1	0.996
GGCNKCCATNK_UNKNOWN	98	0.924	1	0.99	0.987	1	0.999	1	0.926	0.935	1	1	1	0.869	1	1	1	1	1
GGCNNMSMYNTTG_UNKNOWN	63	0.927	1	0.964	0.99	1	1	0.986	0.99	0.968	1	1	1	0.999	1	1	1	1	1
GGCNRNWCTTYS_UNKNOWN	61	1	0.993	0.998	0.999	0.994	1	1	0.851	1	0.998	0.992	1	1	0.997	0.875	1	1	1
GGGNNTTTCC_V$NFKB_Q6_01	108	0.772	0.999	1	0.97	0.997	1	0.983	0.993	1	0.908	0.976	1	1	1	1	1	0.982	1
GGGNRMNNYCAT_UNKNOWN	62	1	0.73	0.979	0.999	1	1	0.999	0.63	0.051	0.966	0.766	0.999	1	1	0.531	1	1	0.943
GGGYGTGNY_UNKNOWN	529	0.986	0.992	0.996	1	1	1	0.983	0.93	0.997	1	0.997	0.997	1	1	0.994	1	1	1
GKCGCNNNNNNNTGAYG_UNKNOWN	46	0.975	0.994	0.938	0.739	0.999	0.973	0.992	0.992	1	1	1	0.97	0.953	1	1	1	0.971	0.981
GTCNYYATGR_UNKNOWN	83	1	1	0.99	1	1	1	1	0.961	1	0.979	0.907	1	1	1	0.996	1	1	1
GTGACGY_V$E4F1_Q6	517	0.968	1	1	0.987	1	1	1	0.977	1	1	0.998	1	1	1	1	1	1	1
GTGGGTGK_UNKNOWN	235	0.966	0.814	0.639	0.946	0.581	1	0.998	0.475	0.996	0.959	0.862	0.887	0.99	1	0.855	1	0.996	0.999
GTTGNYNNRGNAAC_UNKNOWN	81	1	1	1	1	1	1	1	0.997	1	1	0.985	1	1	1	0.164	1	0.987	1
GTTNYYNNGGTNA_UNKNOWN	66	0.993	0.993	0.986	0.999	1	0.996	1	1	1	1	0.999	1	1	1	0.997	1	0.995	0.972
GTTRYCATRR_UNKNOWN	131	1	0.95	0.969	0.964	1	0.999	0.998	0.998	1	1	0.675	0.982	1	1	0.874	1	0.974	1
KCCGNSWTTT_UNKNOWN	87	0.997	1	1	0.994	0.999	1	1	0.998	0.996	1	1	1	1	0.921	1	1	1	1
KMCATNNWGGA_UNKNOWN	72	0.984	0.999	0.934	1	0.999	1	1	0.977	1	1	1	1	1	1	0.998	1	1	1
KRCTCNNNNMANAGC_UNKNOWN	36	0.99	0.995	0.719	0.634	0.523	0.866	0.405	0.615	0.446	0.931	0.996	0.984	1	1	0.997	0.997	0.938	0.974
KTGGYRSGAA_UNKNOWN	56	0.978	0.988	0.931	0.185	0.075	0.585	0.309	0.962	0.933	0.997	0.06	0.243	0.069	0.969	0.414	1	0.313	0.048
MCAATNNNNNGCG_UNKNOWN	70	1	1	0.982	0.836	0.724	1	0.348	0.916	1	1	0.237	0.689	0.838	0.953	0.848	1	0.736	0.786
MGGAAGTG_V$GABP_B	615	0.879	1	0.902	0.775	0.999	1	0.943	1	1	1	0.71	0.5	1	0.992	1	1	0.986	1
MYAATNNNNNNNGGC_UNKNOWN	96	0.943	1	0.99	0.998	1	1	0.962	0.998	1	1	0.945	1	1	0.783	1	1	1	1
RAAGNYNNCTTY_UNKNOWN	105	0.961	1	0.697	0.994	0.744	1	0.837	0.893	1	0.973	1	0.999	1	0.999	1	1	1	1
RACCACAR_V$AML_Q6	191	0.382	1	1	1	1	0.999	1	0.961	1	0.998	1	1	1	0.999	0.998	1	1	1
RACTNNRTTTNC_UNKNOWN	95	0.997	1	0.966	0.893	1	0.999	0.981	0.998	1	1	1	0.999	1	1	1	1	1	1
RGAANNTTC_V$HSF1_01	339	0.976	0.982	0.96	0.995	0.997	0.993	0.999	0.961	0.932	0.996	0.999	0.997	1	1	0.987	1	1	0.991
RGAGGAARY_V$PU1_Q6	383	0.877	0.999	0.97	1	1	0.999	1	0.973	1	1	1	1	1	0.986	0.993	1	1	1
RGTTAMWNATT_V$HNF1_01	57	1	1	0.006	0.708	0.873	0.999	0.999	0.759	0.99	0.871	0.833	0.879	1	1	1	1	1	1
RNCTGNYNRNCTGNY_UNKNOWN	53	0.999	0.993	0.741	0.996	0.969	1	0.986	0.376	0.971	0.74	0.603	1	0.998	1	0.998	1	1	0.987
RNGTGGGC_UNKNOWN	592	0.995	0.985	0.953	1	0.993	1	1	0.909	1	0.991	0.998	0.997	1	0.986	0.987	1	1	1
RNTCANNRNNYNATTW_UNKNOWN	45	0.991	0.996	0.614	0.997	0.998	0.999	0.953	0.977	0.976	0.838	0.867	0.768	0.99	1	0.426	1	0.964	0.968
RRAGTTGT_UNKNOWN	190	0.997	1	0.984	0.998	0.998	1	0.998	0.821	1	0.934	0.999	0.999	1	1	0.997	1	1	1
RRCCGTTA_UNKNOWN	73	1	1	1	0.902	0.983	1	0.991	0.981	0.925	1	1	1	1	0.985	1	1	0.871	0.999
RTTTNNNYTGGM_UNKNOWN	122	0.948	0.967	0.904	1	0.606	1	0.951	0.801	0.976	0.808	0.999	1	1	0.945	0.997	1	1	1
RYAAAKNNNNNNTTGW_UNKNOWN	69	0.991	0.717	0.91	0.968	0.865	0.999	0.906	0.239	0.622	0.939	0.842	0.582	0.985	1	0.997	1	1	1
RYCACNNRNNRNCAG_UNKNOWN	56	0.726	0.981	0.904	1	1	0.995	1	0.952	0.973	1	0.887	1	1	1	0.998	1	1	1
RYTAAWNNNTGAY_UNKNOWN	43	0.994	1	0.13	0.994	0.983	1	0.837	0.751	0.994	0.916	0.228	0.64	0.999	0.986	0.681	1	0.999	1
RYTGCNNRGNAAC_V$MIF1_01	55	0.995	0.999	0.993	0.999	1	1	1	0.998	0.995	1	0.998	1	1	1	1	1	1	1
RYTGCNWTGGNR_UNKNOWN	87	0.966	1	0.823	0.983	0.997	1	0.999	0.988	1	0.998	0.961	0.997	1	1	0.897	1	1	1
SGCGSSAAA_V$E2F1DP2_01	128	0.997	0.086	0.625	0.123	0.004	0.925	0.131	0.067	0.262	0.211	0.014	0.197	0.009	0.151	0.098	0.921	0.058	0.003
SMTTTTGT_UNKNOWN	334	0.951	0.968	0.948	1	0.996	1	1	0.749	0.996	0.979	0.998	0.999	1	1	1	1	1	1
SNACANNNYSYAGA_UNKNOWN	62	0.924	1	1	0.967	1	1	0.991	0.952	0.995	1	1	1	1	1	1	1	1	1
STTTCRNTTT_V$IRF_Q6	156	0.997	1	0.998	0.995	1	1	0.962	0.999	0.997	0.998	1	0.976	1	0.987	1	1	1	1
SYATTGTG_UNKNOWN	175	0.991	1	0.99	0.999	1	1	1	0.98	0.997	0.986	0.999	1	1	0.993	0.998	1	1	1
TAANNYSGCG_UNKNOWN	75	0.978	1	1	0.99	0.996	0.997	1	1	1	1	1	1	1	1	0.999	0.963	1	1
TAATTA_V$CHX10_01	604	0.991	0.947	0.845	1	0.757	1	0.93	0.176	0.987	0.871	0.665	0.815	1	1	0.951	1	0.976	1
TAAWWATAG_V$RSRFC4_Q2	123	0.997	1	0.741	0.937	0.984	0.999	0.868	0.613	0.99	0.969	0.722	0.997	1	1	1	1	1	1
TAAYNRNNTCC_UNKNOWN	129	0.997	1	0.645	0.999	0.828	1	0.974	0.93	0.996	0.866	0.977	0.738	1	1	0.61	1	0.953	0.999
TCANNTGAY_V$SREBP1_01	359	0.892	1	1	0.99	0.999	1	0.998	0.976	1	0.904	0.998	1	1	1	0.964	1	1	0.999
TCCATTKW_UNKNOWN	195	0.949	1	0.99	0.999	0.996	0.998	0.978	0.981	0.98	0.982	0.998	0.999	0.999	1	0.981	1	1	1
TCCCRNNRTGC_UNKNOWN	175	0.999	1	0.983	0.748	0.963	1	0.911	0.996	0.948	1	0.994	0.968	1	0.993	1	1	0.998	1
TGACAGNY_V$MEIS1_01	644	0.991	0.988	0.993	0.999	0.983	1	0.996	0.848	1	0.969	0.99	0.989	1	1	0.988	1	0.998	1
TGACATY_UNKNOWN	503	0.935	0.946	0.932	0.999	0.866	0.971	0.999	0.415	0.995	0.969	0.992	0.993	1	1	0.973	1	1	1
TGACCTTG_V$SF1_Q6	188	0.993	1	0.978	0.995	1	0.993	0.974	0.999	1	1	1	1	1	0.999	0.972	1	1	1
TGACGTCA_V$ATF3_Q6	180	0.997	1	0.999	0.95	1	0.975	1	0.998	1	1	1	1	1	1	1	1	1	1
TGANNYRGCA_V$TCF11MAFG_01	241	0.714	1	0.998	0.995	1	1	0.985	0.997	1	0.998	1	0.988	1	0.999	0.998	1	0.999	1
TGASTMAGC_V$NFE2_01	161	0.997	1	0.992	1	1	1	0.962	0.999	1	1	0.985	0.997	1	0.992	1	1	1	1
TGATTTRY_V$GFI1_01	230	0.994	0.985	0.664	0.956	0.837	0.973	0.944	0.439	0.997	0.802	0.917	0.955	0.984	1	0.962	1	0.889	0.979
TGAYRTCA_V$ATF3_Q6	407	0.992	1	0.975	0.996	1	1	1	0.854	1	0.993	1	1	1	1	1	1	1	1
TGCCAAR_V$NF1_Q6	542	0.927	0.697	0.841	0.988	0.438	0.999	0.986	0.132	0.951	0.895	0.787	0.979	1	1	0.918	1	0.997	0.999
TGCGCANK_UNKNOWN	421	0.999	1	0.992	0.769	0.944	1	0.984	1	1	1	1	0.994	1	0.993	1	1	0.999	1
TGCTGAY_UNKNOWN	404	0.916	0.993	0.972	1	0.943	1	1	0.935	0.997	0.973	0.995	0.997	1	1	0.981	1	1	1
TGGNNNNNNKCCAR_UNKNOWN	317	0.943	0.693	0.302	0.942	0.671	1	0.994	0.132	0.996	0.967	0.887	0.875	0.921	1	0.814	1	0.994	0.961
TGTTTGY_V$HNF3_Q6	588	0.917	0.963	0.897	0.998	0.854	0.989	0.999	0.394	0.996	0.979	0.696	0.997	0.999	1	0.987	1	1	0.948
TGTYNNNNNRGCARM_UNKNOWN	66	0.931	0.999	0.99	1	0.998	1	1	0.98	1	0.992	0.616	1	1	1	0.196	1	0.98	0.99
TMTCGCGANR_UNKNOWN	129	0.999	1	0.821	0.37	0.636	1	1	0.999	1	1	1	0.631	1	0.995	1	0.998	1	1
TNCATNTCCYR_UNKNOWN	99	0.801	1	0.992	0.985	1	1	1	0.999	1	1	1	1	0.998	1	1	1	1	1
TTANWNANTGGM_UNKNOWN	50	0.983	0.871	0.846	1	0.883	0.963	0.651	0.976	1	0.906	0.999	0.997	1	0.997	0.998	1	0.984	1
TTAYRTAA_V$E4BP4_01	198	0.796	0.983	0.954	1	0.789	1	0.87	0.172	0.976	0.967	0.986	0.948	0.715	1	0.981	1	1	1
TTCNRGNNNNTTC_V$HSF_Q6	119	0.957	1	0.994	0.944	1	1	1	0.962	1	0.871	1	0.999	1	0.997	1	1	1	1
TTCYNRGAA_V$STAT5B_01	256	0.912	1	0.966	1	0.996	1	1	0.904	1	0.953	1	1	1	1	0.989	1	1	1
TTCYRGAA_UNKNOWN	257	0.984	1	0.99	0.99	1	0.997	1	0.976	1	0.998	0.993	0.997	1	1	0.985	1	1	1
TTGCWCAAY_V$CEBPB_02	56	0.985	0.996	1	0.999	1	1	1	0.563	1	0.986	1	0.997	1	0.954	1	1	1	1
TTTNNANAGCYR_UNKNOWN	96	0.999	1	1	0.805	1	0.997	0.278	0.998	0.989	1	1	1	1	1	1	0.998	1	1
V$AFP1_Q6	195	0.979	0.952	0.85	1	0.983	0.994	0.985	0.222	0.985	0.998	0.614	0.896	1	1	0.914	1	0.94	0.965
V$AHR_01	51	0.877	0.996	0.99	0.987	0.997	1	1	0.923	0.996	0.998	1	1	0.999	0.994	1	1	1	1
V$AHR_Q5	168	0.999	1	1	0.962	1	1	0.996	0.999	1	1	1	1	1	0.964	0.994	1	1	1
V$AHRARNT_01	114	0.733	1	0.916	1	0.999	1	1	0.93	1	0.969	1	0.993	1	1	1	1	1	1
V$AHRARNT_02	13	0.973	0.935	0.639	1	0.963	0.994	1	0.984	1	0.928	0.643	1	0.283	1	1	1	0.237	1
V$ALPHACP1_01	199	0.991	1	0.992	0.971	1	1	0.982	0.997	1	1	1	1	1	1	1	1	1	1
V$ALX4_01	9	0.377	1	0.99	0.99	1	0.912	1	0.994	1	1	1	1	1	1	1	1	1	1
V$AMEF2_Q6	205	0.999	0.962	0.396	0.988	0.976	1	0.945	0.315	0.99	0.972	0.661	0.855	1	1	0.987	1	0.993	0.855
V$AML_Q6	205	0.574	1	1	1	1	1	1	0.903	1	0.998	1	1	1	0.997	0.998	1	1	1
V$AML1_01	203	0.197	1	0.978	1	0.995	0.993	1	0.677	0.996	0.975	1	0.997	1	0.986	1	0.999	1	1
V$AML1_Q6	203	0.197	1	0.978	1	0.995	0.993	1	0.677	0.996	0.975	1	0.997	1	0.986	1	0.999	1	1
V$AP1_01	202	0.986	1	0.974	1	1	1	1	0.999	1	1	1	1	1	0.99	1	1	1	1
V$AP1_C	218	0.999	0.963	0.792	0.945	0.996	1	1	0.457	1	0.991	0.999	1	1	0.999	0.981	1	1	1
V$AP1_Q2	201	0.958	0.988	0.96	0.999	0.997	1	1	0.934	0.996	0.979	1	0.997	1	1	0.981	1	1	1
V$AP1_Q2_01	209	0.998	0.998	0.87	1	1	1	0.988	0.747	1	0.996	0.999	1	1	1	1	0.993	1	1
V$AP1_Q4	213	0.991	0.999	0.994	1	0.998	1	1	0.972	1	0.994	0.996	1	1	1	1	1	1	1
V$AP1_Q4_01	204	0.999	0.96	0.892	1	0.993	1	1	0.935	1	0.996	0.999	1	1	1	0.957	1	1	1
V$AP1_Q6	203	0.999	1	0.972	1	0.994	1	0.985	0.999	1	0.998	1	1	1	1	0.993	0.999	1	1
V$AP1_Q6_01	210	0.993	1	0.977	1	1	1	1	0.991	1	1	1	1	1	1	0.972	1	1	1
V$AP1FJ_Q2	209	0.993	1	0.94	1	0.999	1	1	0.865	1	0.982	1	1	1	1	0.989	1	1	1
V$AP2_Q3	205	0.999	1	0.992	0.977	1	0.997	0.648	0.998	1	1	0.999	1	1	1	1	0.937	1	1
V$AP2_Q6	205	0.999	1	0.996	0.996	1	1	0.992	0.999	1	1	1	1	1	1	1	0.998	1	1
V$AP2_Q6_01	209	0.999	1	1	1	1	1	0.845	0.998	1	1	0.999	0.997	1	1	0.987	1	1	1
V$AP2ALPHA_01	196	0.997	1	0.982	0.989	1	0.989	0.92	0.998	1	1	0.943	1	1	0.992	1	1	1	1
V$AP2GAMMA_01	204	0.999	1	0.999	0.999	0.999	1	0.925	0.998	1	0.998	0.841	1	1	0.997	1	1	1	1
V$AP2REP_01	132	1	0.953	0.954	1	0.937	1	1	0.558	1	0.903	0.999	0.97	1	0.951	0.983	1	1	0.996
V$AP3_Q6	190	0.979	0.996	0.842	1	0.927	0.998	0.998	0.339	0.987	0.995	0.976	0.948	1	1	0.987	1	1	1
V$AP4_01	195	0.978	1	0.858	0.994	1	1	1	0.933	0.971	0.973	0.998	0.997	1	1	0.998	0.999	1	0.996
V$AP4_Q5	204	0.978	0.864	0.758	0.944	0.999	1	0.996	0.618	0.971	0.979	0.331	0.966	0.999	1	0.855	1	0.995	0.963
V$AP4_Q6	168	0.999	0.599	0.701	0.847	0.964	0.989	1	0.337	0.996	0.993	0.937	0.971	1	0.997	0.747	1	1	1
V$AP4_Q6_01	203	0.997	0.996	0.986	1	1	1	1	0.809	0.995	0.982	1	1	1	1	1	1	1	1
V$AR_01	113	0.709	0.996	1	0.954	0.995	1	1	0.887	0.917	0.979	1	1	1	1	0.725	1	1	0.852
V$AR_02	30	0.789	1	1	1	0.996	0.309	1	0.895	0.857	0.974	0.881	0.992	0.999	0.716	0.914	1	1	0.848
V$AR_03	38	1	1	0.976	1	1	0.624	1	0.976	0.594	1	0.431	0.977	0.524	0.97	0.81	1	0.997	0.993
V$AR_Q2	97	0.984	1	0.871	0.994	0.999	1	0.997	0.668	1	0.996	0.999	0.997	1	1	0.998	1	1	0.998
V$AR_Q6	198	1	0.906	0.913	0.998	0.965	1	0.999	0.812	0.969	0.963	0.923	1	1	1	0.988	1	0.994	1
V$AREB6_01	189	0.999	0.988	0.96	0.964	0.997	1	1	0.898	0.996	0.998	0.985	0.999	1	1	0.977	0.963	1	1
V$AREB6_02	194	1	0.979	0.989	0.993	0.995	1	1	0.972	0.996	0.954	0.998	0.997	1	1	0.982	0.999	1	1
V$AREB6_03	196	0.999	0.932	0.884	0.971	1	1	0.999	0.503	0.996	0.998	0.994	0.934	1	1	0.835	1	1	0.996
V$AREB6_04	198	0.679	1	0.871	0.999	0.986	1	0.998	0.677	0.991	0.995	1	1	0.986	1	1	1	1	1
V$ARNT_01	204	0.978	1	1	0.955	1	1	1	1	1	1	1	1	1	0.999	0.987	1	1	1
V$ARNT_02	204	0.973	1	0.998	0.647	1	1	0.93	0.997	1	0.977	0.976	0.915	1	0.997	1	1	0.994	1
V$ARP1_01	130	0.992	0.916	0.544	1	0.645	0.999	0.998	0.118	0.864	0.994	0.976	0.999	0.971	1	0.884	1	1	1
V$ATF_01	207	0.875	1	0.999	0.987	1	1	1	0.903	1	1	1	0.999	1	0.999	0.993	1	1	1
V$ATF_B	150	0.982	1	0.998	0.96	1	0.994	0.999	0.993	1	1	1	1	1	1	0.987	1	1	1
V$ATF1_Q6	190	0.938	0.996	0.992	1	0.997	1	0.999	0.934	1	0.991	0.999	0.997	1	1	0.972	1	1	0.991
V$ATF3_Q6	199	0.891	1	0.992	0.996	1	1	0.999	0.882	1	0.987	0.999	1	1	0.999	1	1	1	1
V$ATF4_Q2	210	0.943	0.999	0.979	0.996	1	1	0.998	0.784	0.997	0.999	1	1	1	1	1	1	1	1
V$ATF6_01	100	0.986	0.643	0.925	1	0.999	0.968	0.999	0.762	1	0.999	0.265	0.871	1	1	0.513	1	1	0.951
V$BACH1_01	198	0.997	0.997	0.997	1	0.999	1	0.979	0.986	1	0.998	1	1	1	0.999	0.997	1	1	1
V$BACH2_01	213	0.988	0.998	0.922	1	0.999	1	0.985	0.926	1	0.992	1	1	1	1	1	1	1	1
V$BRN2_01	179	0.991	0.987	0.967	1	0.983	0.984	0.956	0.871	0.971	0.996	0.946	0.997	1	1	0.987	1	1	1
V$CACBINDINGPROTEIN_Q6	185	0.997	1	0.676	0.989	1	1	1	0.79	0.996	0.991	0.999	0.994	1	1	0.973	1	1	0.999
V$CACCCBINDINGFACTOR_Q6	214	0.999	0.996	0.989	1	1	1	1	0.961	1	0.982	1	1	1	0.999	1	1	1	1
V$CART1_01	169	0.997	0.976	0.822	1	0.967	1	0.977	0.298	0.99	0.924	0.96	0.982	0.812	1	0.988	1	1	0.938
V$CDC5_01	200	0.891	0.987	0.97	0.998	0.983	0.999	0.974	0.666	1	0.982	0.93	0.906	0.999	1	1	1	0.965	0.972
V$CDP_01	68	0.979	0.982	0.561	0.989	0.755	0.993	0.971	0.428	0.987	0.825	0.7	0.994	0.696	1	0.891	1	0.99	0.936
V$CDP_02	85	0.997	0.841	0.99	1	0.995	1	0.999	0.966	1	0.975	0.999	1	1	1	0.98	1	0.998	1
V$CDPCR1_01	98	0.996	0.993	0.967	1	0.823	1	1	0.959	1	0.982	0.999	1	1	1	0.995	1	1	1
V$CDPCR3_01	39	0.997	0.765	0.9	0.994	1	1	0.971	0.193	1	0.973	0.586	0.935	1	0.999	1	1	1	1
V$CDPCR3HD_01	178	0.973	0.976	0.949	0.997	0.909	1	0.999	0.941	1	0.995	0.993	0.997	1	1	0.973	1	1	0.997
V$CDX2_Q5	202	0.999	1	0.713	1	0.937	0.998	0.934	0.852	0.996	0.866	0.819	0.989	1	1	0.989	1	0.72	0.988
V$CEBP_01	207	0.771	0.994	0.846	1	0.922	0.968	1	0.809	1	0.908	0.999	0.997	1	1	1	1	1	1
V$CEBP_C	160	0.67	1	0.946	1	0.966	1	0.993	0.608	1	0.846	0.986	1	0.999	1	1	1	1	1
V$CEBP_Q2	173	0.686	1	0.913	1	0.898	0.999	0.943	0.616	0.99	0.784	0.999	0.938	1	1	1	1	0.978	1
V$CEBP_Q2_01	219	0.767	0.833	0.99	1	0.967	1	0.994	0.199	0.977	0.924	0.969	0.971	1	1	1	1	1	1
V$CEBP_Q3	198	0.922	0.999	0.984	1	0.993	1	0.997	0.773	1	0.878	0.994	0.999	1	1	0.998	1	0.996	1
V$CEBPA_01	188	0.799	1	0.975	1	0.996	1	0.999	0.835	0.98	0.991	1	1	1	1	1	1	1	1
V$CEBPB_01	216	0.591	0.999	1	0.998	0.988	1	1	0.993	0.996	0.979	1	1	1	1	1	1	1	1
V$CEBPB_02	202	0.801	0.988	0.97	1	0.983	1	0.984	0.228	0.996	0.973	0.999	0.935	1	1	1	1	1	1
V$CEBPDELTA_Q6	194	0.5	0.937	0.812	0.968	0.967	1	1	0.537	0.997	0.941	0.991	0.997	1	1	0.987	1	1	0.986
V$CEBPGAMMA_Q6	185	0.326	1	1	1	0.898	1	1	0.99	0.996	0.941	0.999	1	1	1	1	1	1	1
V$CETS1P54_01	201	0.807	1	0.965	0.736	0.963	1	0.991	1	0.987	1	0.732	0.939	1	0.999	1	1	0.986	0.972
V$CHOP_01	199	0.882	1	0.972	1	0.995	1	0.999	0.855	0.995	0.979	0.999	0.997	1	1	0.989	1	1	1
V$CHX10_01	168	0.99	0.966	0.517	0.996	0.793	1	0.991	0.153	1	0.934	0.794	0.874	1	1	0.98	1	0.965	1
V$CIZ_01	191	0.877	1	0.969	1	0.969	0.999	0.999	0.854	0.985	0.924	0.994	0.988	0.999	0.996	1	1	0.992	0.999
V$CMYB_01	203	0.999	1	0.99	0.991	0.993	0.996	0.991	0.999	1	1	1	1	1	1	0.98	1	1	1
V$COMP1_01	91	0.948	1	0.897	1	0.97	1	0.996	0.842	0.995	0.998	0.989	0.94	1	0.999	1	1	1	1
V$COREBINDINGFACTOR_Q6	193	0.549	1	1	1	0.994	0.999	1	0.782	0.996	0.993	1	1	1	0.986	1	1	1	1
V$COUP_01	204	0.997	0.981	0.973	1	1	1	1	0.941	1	0.998	1	1	0.999	1	0.979	1	1	1
V$COUP_DR1_Q6	203	0.999	0.691	0.979	0.999	1	0.996	0.987	0.929	0.99	0.998	0.99	1	1	1	0.324	1	1	1
V$CP2_01	198	0.944	0.974	0.972	1	0.702	1	1	0.882	0.996	0.96	0.999	0.999	1	1	0.926	1	1	0.998
V$CP2_02	184	0.999	1	0.952	1	0.993	1	0.976	0.987	1	0.998	0.999	1	1	1	0.987	1	1	1
V$CREB_01	202	0.997	1	0.998	0.905	1	0.979	1	0.999	1	1	1	1	1	1	1	1	1	1
V$CREB_02	203	0.997	1	1	0.994	1	1	1	0.999	1	0.996	0.999	1	1	1	1	0.999	1	1
V$CREB_Q2	208	0.855	0.999	1	0.996	1	1	0.999	0.951	0.996	0.998	0.999	1	1	1	0.993	1	1	1
V$CREB_Q2_01	171	0.991	1	1	0.994	1	0.953	1	0.981	1	1	1	1	1	1	1	1	1	1
V$CREB_Q3	204	0.994	0.996	0.998	0.939	1	0.999	1	0.998	1	1	1	1	1	1	0.996	1	1	1
V$CREB_Q4	210	0.955	0.999	1	0.995	1	0.998	1	0.935	0.996	1	0.999	1	1	1	1	1	1	1
V$CREB_Q4_01	162	0.964	0.996	1	0.99	1	0.944	1	0.979	1	1	1	1	1	1	0.968	1	1	1
V$CREBP1_01	138	0.824	0.975	0.931	1	0.883	1	0.937	0.417	0.97	0.967	0.999	0.997	0.849	1	0.978	1	1	1
V$CREBP1_Q2	206	0.923	0.931	1	1	1	1	0.997	0.71	1	0.998	0.999	1	1	1	1	1	1	1
V$CREBP1CJUN_01	202	0.995	1	1	0.938	1	0.991	1	0.986	1	1	1	1	1	1	1	1	1	1
V$CREL_01	204	0.817	0.999	1	0.982	0.994	1	0.968	0.967	1	0.996	0.994	1	1	0.981	1	1	1	1
V$CRX_Q4	214	0.966	1	0.779	0.984	0.996	1	0.995	0.718	0.995	0.99	0.986	0.982	1	0.91	0.987	1	0.875	1
V$DBP_Q6	205	0.942	0.998	0.579	0.711	0.917	0.996	0.998	0.124	1	0.924	0.42	0.997	0.999	1	1	1	0.996	0.999
V$DR1_Q3	195	1	0.982	0.984	0.996	1	0.978	0.998	0.997	0.996	1	1	0.997	0.999	1	0.864	0.997	1	1
V$DR3_Q4	118	0.965	1	0.791	1	0.998	0.999	1	0.86	1	0.973	0.962	0.999	1	1	1	1	1	1
V$DR4_Q2	195	0.979	1	0.94	1	0.908	1	1	0.79	0.996	0.965	0.999	0.976	1	1	0.987	1	1	1
V$E12_Q6	202	0.999	0.993	0.942	0.915	0.963	1	1	0.888	1	0.994	0.999	0.994	1	1	0.795	1	1	1
V$E2A_Q2	186	0.999	0.948	0.93	0.999	0.988	1	1	0.953	1	0.99	1	0.997	1	1	0.982	1	1	1
V$E2F_01	59	1	1	0.92	0.04	0.743	0.917	0.043	0.814	0.983	1	0.004	0.579	0.473	0.151	0.266	1	0.179	0.211
V$E2F_02	182	0.998	0.169	0.756	0.198	0.007	0.997	0.229	0.184	0.821	0.766	0.101	0.287	0.045	0.336	0.337	0.996	0.058	0.022
V$E2F_03	199	0.994	0.675	0.865	0.275	0.028	0.69	0.303	0.662	0.644	0.357	0.293	0.21	0.143	0.929	0.408	1	0.096	0.039
V$E2F_Q2	139	0.999	1	1	0.999	1	1	1	0.654	0.996	1	0.993	0.997	0.999	1	1	1	1	1
V$E2F_Q3	180	0.993	0.407	0.905	0.166	0.02	0.859	0.152	0.706	0.586	0.555	0.146	0.312	0.229	0.951	0.155	1	0.379	0.156
V$E2F_Q3_01	188	0.997	0.567	0.934	0.216	0.022	0.875	0.321	0.429	0.751	0.196	0.133	0.407	0.295	0.954	0.37	1	0.421	0.053
V$E2F_Q4	189	0.997	0.232	0.805	0.113	0.015	0.84	0.25	0.285	0.778	0.564	0.039	0.223	0.085	0.915	0.152	0.998	0.096	0.006
V$E2F_Q4_01	191	0.991	0.73	0.837	0.201	0.027	0.866	0.306	0.497	0.5	0.35	0.175	0.329	0.272	0.909	0.298	1	0.315	0.039
V$E2F_Q6	186	0.996	0.184	0.797	0.128	0.016	0.895	0.209	0.196	0.85	0.549	0.067	0.233	0.057	0.851	0.176	0.994	0.057	0.006
V$E2F_Q6_01	191	0.992	0.65	0.856	0.22	0.042	0.913	0.226	0.542	0.599	0.654	0.245	0.362	0.361	0.739	0.448	0.918	0.228	0.062
V$E2F1_Q3	184	0.999	0.347	0.814	0.062	0.007	0.975	0.102	0.463	0.532	0.843	0.078	0.222	0.024	0.821	0.026	0.998	0.154	0.006
V$E2F1_Q3_01	189	0.997	1	0.993	0.972	0.967	1	0.902	0.999	0.999	1	0.831	1	1	0.999	0.999	1	0.934	1
V$E2F1_Q4	204	0.984	1	0.998	0.717	0.715	0.588	0.746	0.99	1	0.997	0.768	0.625	0.796	0.856	0.973	1	0.961	0.974
V$E2F1_Q4_01	186	0.996	0.549	0.963	0.299	0.02	0.843	0.316	0.45	0.753	0.22	0.137	0.481	0.351	0.96	0.392	1	0.375	0.061
V$E2F1_Q6	182	0.997	0.169	0.717	0.157	0.006	0.894	0.116	0.189	0.703	0.822	0.025	0.182	0.053	0.287	0.092	0.996	0.035	0.006
V$E2F1_Q6_01	189	0.996	0.723	0.865	0.155	0.102	0.997	0.164	0.632	0.896	0.953	0.022	0.177	0.267	0.829	0.224	0.987	0.134	0.132
V$E2F1DP1_01	181	0.997	0.205	0.741	0.195	0.007	0.997	0.224	0.187	0.814	0.751	0.093	0.317	0.04	0.336	0.345	0.982	0.057	0.025
V$E2F1DP1RB_01	183	0.996	0.461	0.924	0.348	0.016	0.998	0.196	0.528	0.735	0.656	0.233	0.386	0.053	0.938	0.34	1	0.252	0.066
V$E2F1DP2_01	181	0.997	0.205	0.741	0.195	0.007	0.997	0.224	0.187	0.814	0.751	0.093	0.317	0.04	0.336	0.345	0.982	0.057	0.025
V$E2F4DP1_01	186	0.996	0.197	0.776	0.201	0.015	0.997	0.159	0.164	0.771	0.792	0.096	0.338	0.048	0.365	0.23	0.997	0.093	0.031
V$E2F4DP2_01	181	0.997	0.205	0.741	0.195	0.007	0.997	0.224	0.187	0.814	0.751	0.093	0.317	0.04	0.336	0.345	0.982	0.057	0.025
V$E47_01	194	0.995	1	0.972	1	1	1	1	0.973	0.997	0.982	0.999	1	1	1	0.987	1	1	1
V$E47_02	195	0.993	0.993	0.761	0.994	0.882	0.999	1	0.946	0.996	0.887	0.993	0.981	0.999	1	0.955	1	1	1
V$E4BP4_01	172	0.911	0.863	0.966	1	0.994	0.998	0.991	0.442	0.99	0.979	0.999	0.989	0.869	1	0.989	1	1	1
V$E4F1_Q6	219	0.868	0.999	0.996	0.995	1	1	1	0.87	0.996	1	0.991	0.998	1	0.976	1	1	1	1
V$EFC_Q6	204	0.969	0.993	0.871	0.999	0.999	0.999	1	0.47	0.996	1	0.65	1	1	1	0.987	1	0.966	0.996
V$EGR_Q6	207	0.981	0.996	0.934	0.999	1	1	0.996	0.938	1	1	1	0.997	1	0.993	0.981	1	1	1
V$EGR1_01	211	1	0.997	0.973	0.999	1	1	0.998	0.924	1	1	0.999	1	1	1	0.997	1	1	1
V$EGR2_01	161	0.997	0.993	1	0.999	1	0.997	0.962	0.998	1	1	1	1	1	1	1	1	1	1
V$EGR3_01	71	0.997	1	1	0.994	1	0.948	1	0.994	1	1	1	0.998	1	1	1	1	1	1
V$ELF1_Q6	194	0.819	0.999	1	1	1	1	0.969	0.932	1	1	0.98	0.998	1	0.999	1	1	1	1
V$ELK1_01	197	0.745	1	0.988	0.994	1	1	1	0.991	1	1	1	0.978	1	1	1	1	0.998	1
V$ELK1_02	197	0.922	0.981	0.643	0.286	0.491	1	0.956	0.999	1	0.987	0.453	0.307	0.887	0.927	0.999	1	0.968	0.971
V$EN1_01	93	0.849	0.993	0.925	0.996	0.898	0.998	0.893	0.02	0.969	0.998	0.999	0.994	0.999	0.966	0.981	1	0.957	0.965
V$ER_Q6	208	0.999	0.803	0.907	0.999	0.649	1	1	0.816	0.972	0.959	0.917	0.863	0.999	1	0.803	1	1	0.975
V$ER_Q6_01	207	0.994	1	0.919	0.999	0.995	1	0.995	0.766	0.968	0.979	0.863	0.985	0.999	0.999	0.948	1	1	0.92
V$ER_Q6_02	197	0.991	1	0.971	0.989	1	1	0.99	0.991	1	0.994	0.984	1	1	1	0.938	1	1	1
V$ERR1_Q2	202	0.997	1	0.992	0.994	1	0.993	0.997	0.999	1	0.979	0.99	1	1	1	0.957	1	1	1
V$ETF_Q6	92	1	1	0.941	1	1	0.985	1	0.622	1	1	1	1	0.999	1	1	1	1	1
V$ETS_Q4	192	0.711	1	0.992	0.994	1	1	0.961	0.989	1	1	0.962	0.969	1	1	1	1	1	1
V$ETS1_B	200	0.714	1	1	0.998	1	1	1	0.915	1	1	0.999	1	1	1	0.998	1	1	1
V$ETS2_B	217	0.828	0.9	0.962	1	0.865	0.991	1	0.679	0.985	1	1	0.998	1	1	1	1	1	1
V$EVI1_01	13	0.975	1	0.998	0.935	1	1	1	0.648	0.995	1	0.99	1	1	1	0.989	1	1	1
V$EVI1_02	94	0.924	0.997	0.943	0.996	1	1	0.996	0.833	1	0.944	0.999	0.99	1	0.999	0.998	1	1	1
V$EVI1_03	48	0.975	0.941	0.79	0.99	0.513	0.978	0.942	0.746	0.971	0.846	0.298	0.88	0.977	1	0.998	0.997	0.611	0.605
V$EVI1_04	189	0.955	1	0.943	0.999	0.882	0.999	0.999	0.798	0.995	0.798	0.817	0.999	0.999	1	0.987	1	0.987	0.984
V$EVI1_05	132	0.961	0.997	0.551	0.988	0.737	0.998	0.879	0.788	0.976	0.656	0.331	0.982	0.999	1	0.993	1	0.92	0.709
V$EVI1_06	18	0.999	1	1	0.987	1	1	0.999	0.998	1	1	1	1	1	0.999	1	1	1	1
V$FAC1_01	176	0.936	0.893	0.909	1	0.865	0.996	1	0.719	0.984	0.954	0.551	0.983	0.999	0.99	0.901	1	0.939	0.499
V$FOX_Q2	164	0.796	0.765	0.858	1	0.898	0.991	0.996	0.152	0.994	0.966	0.601	0.965	0.99	1	0.987	1	0.996	0.989
V$FOXD3_01	158	0.822	0.796	0.931	0.997	0.88	0.998	0.966	0.463	0.983	0.991	0.899	0.985	0.998	1	1	1	0.972	0.902
V$FOXJ2_01	150	0.965	0.999	0.967	0.996	0.999	0.999	1	0.915	1	0.991	1	1	1	1	1	1	1	1
V$FOXJ2_02	182	0.923	1	0.903	0.994	0.609	1	0.985	0.635	0.915	0.889	0.999	0.997	0.999	0.949	1	1	0.81	0.999
V$FOXM1_01	186	1	1	0.819	1	0.888	1	0.999	0.852	0.971	0.982	1	0.999	1	1	0.989	1	1	1
V$FOXO1_01	187	0.855	0.847	0.932	0.999	0.991	1	1	0.165	1	0.979	0.796	0.997	0.999	0.993	0.987	1	0.991	0.961
V$FOXO1_02	183	0.849	0.997	0.919	0.999	0.999	1	1	0.171	1	0.995	0.99	0.997	0.928	1	0.995	1	0.972	1
V$FOXO3_01	190	0.709	0.993	0.917	1	0.996	0.996	0.986	0.158	1	0.973	0.69	0.973	0.812	0.896	0.896	1	0.911	0.982
V$FOXO4_01	179	0.917	0.909	0.747	1	0.508	0.987	0.995	0.216	0.983	0.829	0.993	0.997	0.995	1	1	1	0.976	0.956
V$FOXO4_02	203	0.672	0.993	0.843	1	0.866	0.999	0.986	0.133	0.997	0.98	0.505	0.888	0.888	1	0.917	1	0.926	0.887
V$FREAC2_01	201	0.95	0.997	0.89	1	0.999	1	1	0.138	1	0.996	0.999	0.997	1	1	1	1	1	1
V$FREAC3_01	184	0.987	0.998	0.931	1	0.996	1	0.998	0.458	0.99	0.979	0.999	0.974	1	0.997	0.998	1	0.99	0.999
V$FREAC4_01	113	0.721	0.31	0.725	1	0.763	0.961	0.794	0.129	0.997	0.972	0.578	0.451	0.686	1	0.666	1	0.586	0.537
V$FREAC7_01	149	0.986	0.999	0.705	1	1	1	0.999	0.548	1	0.995	0.999	0.999	1	0.994	1	1	0.85	1
V$FXR_IR1_Q6	85	0.997	1	1	0.999	1	0.996	1	0.851	0.968	0.998	0.886	0.999	1	1	0.891	1	1	1
V$FXR_Q3	83	0.978	0.999	0.861	0.999	0.599	1	0.998	0.825	0.962	0.878	0.829	0.971	1	0.999	0.911	1	1	0.989
V$GABP_B	204	0.954	1	0.487	0.322	0.833	0.941	0.665	0.988	1	1	0.397	0.248	0.429	0.999	1	0.996	0.98	1
V$GATA_C	206	0.987	0.974	0.871	0.98	0.599	1	0.997	0.153	0.868	0.966	0.669	0.996	1	1	1	1	0.992	1
V$GATA_Q6	166	0.947	0.999	0.965	0.989	0.822	0.999	1	0.875	0.972	0.977	0.999	0.999	1	1	0.989	1	1	1
V$GATA1_01	189	0.997	1	0.984	0.996	1	1	0.997	0.966	1	0.995	1	1	1	1	0.984	1	1	1
V$GATA1_02	195	0.942	0.999	0.969	0.999	0.997	0.983	1	0.83	0.968	0.97	1	1	1	1	0.987	1	0.998	1
V$GATA1_03	198	0.817	0.961	0.624	1	0.954	0.973	1	0.315	1	0.934	0.937	0.999	1	1	0.987	1	0.982	0.999
V$GATA1_04	198	0.742	0.995	0.686	1	0.465	1	1	0.32	0.996	0.897	0.941	0.997	1	1	0.999	1	1	1
V$GATA1_05	226	0.903	1	0.628	0.998	0.819	0.999	0.997	0.493	0.979	0.902	0.973	0.982	0.999	1	1	1	0.829	1
V$GATA2_01	86	0.998	1	0.954	0.933	0.997	1	1	0.925	1	0.979	0.999	0.971	0.742	1	0.987	1	1	1
V$GATA3_01	187	0.978	0.988	0.7	0.968	0.885	1	1	0.381	0.984	0.934	0.956	0.997	1	1	0.945	1	1	1
V$GATA4_Q3	189	0.779	1	0.954	0.999	0.995	1	0.994	0.893	0.997	0.966	0.934	0.997	1	1	0.987	1	1	1
V$GATA6_01	207	0.905	0.988	0.758	0.982	0.564	0.991	0.999	0.574	0.989	0.973	0.912	0.997	1	0.979	0.996	1	0.976	1
V$GCM_Q2	183	0.982	1	0.99	0.977	0.997	1	1	0.861	0.97	1	0.999	1	1	1	1	1	1	1
V$GFI1_01	205	0.996	0.815	0.934	0.999	0.943	0.998	0.957	0.24	0.994	0.964	0.791	0.997	0.863	1	0.998	1	0.994	0.986
V$GNCF_01	57	0.966	1	0.996	0.917	1	1	0.974	0.971	1	0.998	0.901	0.999	1	1	1	1	1	1
V$GR_01	150	0.948	0.997	0.969	1	0.995	0.964	1	0.941	0.984	0.932	0.995	0.967	1	1	0.823	1	0.998	1
V$GR_Q6	206	0.817	1	0.922	1	0.998	0.999	1	0.981	1	0.99	0.986	0.997	1	1	0.96	1	1	1
V$GR_Q6_01	222	0.978	1	0.996	1	1	0.97	1	0.997	1	1	0.999	0.997	1	1	0.987	1	1	1
V$GRE_C	100	0.791	1	0.972	1	0.81	0.999	1	0.977	0.979	0.933	0.804	0.999	1	1	0.916	1	1	1
V$HAND1E47_01	192	0.986	1	0.954	1	0.998	1	0.998	0.825	1	0.987	0.994	0.997	1	1	0.983	1	1	1
V$HEB_Q6	200	0.999	0.926	0.697	0.996	0.976	1	1	0.352	0.99	0.998	0.885	0.908	1	1	0.773	1	1	1
V$HEN1_01	150	0.995	0.996	0.924	0.977	0.505	1	1	0.939	0.994	0.979	0.991	0.989	0.999	1	0.993	1	0.998	1
V$HEN1_02	149	0.984	0.981	0.687	1	0.996	1	1	0.736	0.97	1	0.998	0.971	1	1	0.893	1	1	0.999
V$HFH1_01	191	0.925	0.955	0.953	1	0.995	0.991	0.996	0.401	1	0.998	0.999	0.994	0.965	1	0.989	1	0.993	0.999
V$HFH3_01	151	0.882	1	0.907	1	0.939	0.956	0.999	0.255	1	0.95	0.937	0.965	1	1	0.998	1	0.928	0.832
V$HFH4_01	159	0.847	0.932	0.618	0.988	0.735	0.926	0.986	0.459	0.991	0.878	0.833	0.966	0.942	1	0.926	1	0.972	0.907
V$HFH8_01	165	0.828	0.996	0.984	1	0.966	0.968	0.994	0.792	0.995	0.998	0.761	0.973	1	1	0.946	1	0.476	0.782
V$HIF1_Q3	182	0.99	1	1	0.919	1	1	0.986	0.999	1	1	0.943	1	1	0.997	1	1	0.999	1
V$HIF1_Q5	193	0.989	1	1	0.909	1	1	0.937	0.999	1	1	0.807	0.994	1	0.999	0.994	1	0.895	0.996
V$HLF_01	200	0.903	0.996	0.911	1	0.997	0.961	1	0.648	0.987	0.998	1	0.999	0.999	1	1	1	1	1
V$HMEF2_Q6	110	0.84	0.605	0.09	0.94	0.17	1	0.618	0.222	0.985	0.916	0.134	0.982	0.999	1	0.864	1	0.695	0.597
V$HMGIY_Q6	196	0.997	0.986	1	1	0.995	0.999	0.994	0.903	0.997	0.988	1	1	1	1	1	1	1	1
V$HMX1_01	34	1	1	0.999	0.99	1	1	0.985	0.998	0.979	1	0.999	1	1	0.95	0.568	1	1	0.979
V$HNF1_01	184	0.999	0.925	0.643	0.735	0.992	1	0.996	0.46	1	0.941	0.683	0.993	1	1	1	1	0.985	1
V$HNF1_C	181	0.995	0.999	0.517	0.832	0.995	0.981	0.885	0.332	1	0.908	0.117	0.748	1	1	0.998	1	0.916	0.991
V$HNF1_Q6	189	0.997	0.997	0.647	0.708	0.983	0.999	0.999	0.626	0.997	0.938	0.421	0.915	1	0.999	1	1	0.979	0.986
V$HNF3_Q6	145	0.827	0.999	0.85	0.999	0.677	0.991	0.997	0.548	1	0.871	0.786	0.997	1	1	0.978	1	1	0.641
V$HNF3ALPHA_Q6	159	0.714	0.982	0.934	1	0.837	0.968	0.997	0.369	1	0.993	0.986	0.997	0.971	1	0.998	1	0.998	0.86
V$HNF3B_01	163	0.827	1	0.969	1	0.998	1	0.992	0.909	1	0.995	0.999	0.985	0.999	1	0.987	1	1	0.999
V$HNF4_01	217	1	0.988	0.986	0.984	1	0.996	1	0.946	1	0.998	1	1	1	0.986	0.75	1	1	1
V$HNF4_01_B	204	0.997	1	0.998	0.999	1	1	0.973	0.984	1	0.998	1	1	1	0.999	0.987	1	1	1
V$HNF4_DR1_Q3	203	0.999	0.993	0.972	0.999	1	0.995	1	0.875	0.979	0.98	0.999	0.997	1	1	0.874	1	1	1
V$HNF4_Q6	203	0.996	0.982	0.906	0.971	0.994	1	0.996	0.739	0.996	0.991	0.988	0.997	1	0.933	0.805	1	1	0.869
V$HNF4ALPHA_Q6	206	0.961	0.878	0.99	1	0.985	0.989	1	0.561	1	0.969	0.999	0.997	0.999	0.995	0.998	0.996	1	1
V$HNF6_Q6	184	0.997	0.999	0.964	0.999	0.999	1	0.999	0.848	0.996	0.908	0.885	0.988	1	1	1	1	1	1
V$HOX13_01	35	0.993	0.982	0.837	0.995	0.933	0.998	1	0.504	0.973	0.954	0.962	0.985	0.999	1	0.928	0.74	0.994	1
V$HOXA3_01	9	0.997	1	0.972	1	0.995	0.999	1	1	0.988	0.979	0.003	1	1	0.994	1	1	1	1
V$HOXA4_Q2	199	0.941	0.964	0.758	0.997	0.883	0.999	0.992	0.574	0.972	0.998	0.999	0.997	1	1	1	1	1	1
V$HP1SITEFACTOR_Q6	177	0.847	0.789	0.695	0.999	0.677	1	0.992	0.435	0.989	0.941	0.989	0.992	1	1	1	1	1	0.969
V$HSF_Q6	153	0.995	0.993	0.964	0.971	1	0.997	1	0.96	1	0.995	0.999	1	1	0.993	0.998	1	1	1
V$HSF1_01	190	0.992	0.993	0.97	0.994	0.997	0.996	1	0.979	0.992	0.996	0.955	0.997	1	1	0.972	1	1	0.999
V$HSF2_01	183	0.984	0.986	0.931	0.998	0.988	0.91	1	0.989	0.996	0.973	0.991	1	1	1	0.997	1	1	1
V$HTF_01	57	0.965	1	0.969	0.99	1	0.973	0.999	0.857	0.996	1	1	1	1	0.998	0.998	1	1	1
V$ICSBP_Q6	199	0.665	1	1	0.955	1	1	0.985	0.999	1	1	1	0.977	1	0.992	1	1	1	1
V$IK1_01	214	0.955	0.941	0.685	1	0.97	0.999	0.995	0.439	0.984	0.799	0.749	0.989	0.999	1	0.911	1	1	0.942
V$IK2_01	218	0.996	0.988	0.719	1	0.741	1	1	0.812	0.918	0.922	0.969	0.999	0.999	1	0.979	1	1	1
V$IK3_01	173	0.99	0.988	0.679	0.994	0.988	1	0.998	0.592	0.994	0.936	0.686	0.993	1	1	0.987	1	0.994	1
V$IPF1_Q4	190	0.672	0.976	0.781	0.976	0.994	1	0.986	0.412	0.937	0.987	0.648	0.997	0.999	0.994	0.996	1	0.994	0.998
V$IRF_Q6	191	0.775	1	0.998	0.909	1	1	0.956	1	1	1	1	0.965	1	0.969	1	0.945	1	1
V$IRF1_01	206	0.914	1	1	0.999	0.997	0.999	1	0.979	1	0.979	1	1	1	0.98	1	1	1	1
V$IRF1_Q6	200	0.248	1	1	0.999	1	0.999	0.996	0.998	0.996	1	0.975	1	1	0.881	1	1	1	1
V$IRF2_01	103	0.975	1	1	0.999	0.999	0.973	1	0.99	0.996	0.967	1	1	1	0.946	1	1	1	1
V$IRF7_01	200	0.958	1	0.999	0.907	1	1	0.891	0.979	1	1	1	1	1	1	1	1	1	1
V$ISRE_01	194	0.973	1	0.992	0.858	1	1	0.97	0.999	0.993	1	0.987	0.976	1	0.995	0.999	1	1	1
V$LBP1_Q6	168	0.965	0.905	0.717	0.942	1	1	1	0.167	0.989	1	0.97	0.919	1	1	0.956	1	1	0.99
V$LEF1_Q2	166	0.862	1	0.99	1	1	0.998	1	0.586	1	0.991	1	0.999	0.984	1	1	1	1	1
V$LEF1_Q6	200	0.985	0.999	0.99	1	1	1	1	0.932	1	0.982	1	1	1	1	0.998	1	1	1
V$LFA1_Q6	183	0.984	0.976	0.963	0.999	0.996	1	0.978	0.924	1	0.996	0.999	0.999	1	1	0.987	1	1	0.989
V$LHX3_01	161	0.991	0.999	0.866	1	0.405	1	1	0.476	0.996	0.775	0.914	0.977	0.999	1	0.982	1	0.976	1
V$LMO2COM_01	189	0.995	0.999	0.984	1	1	1	1	0.801	1	0.982	0.99	0.997	1	1	0.972	1	1	1
V$LMO2COM_02	190	0.991	0.997	0.9	0.994	0.998	0.998	1	0.599	0.995	0.964	0.999	0.997	1	1	0.987	1	1	1
V$LXR_DR4_Q3	72	0.991	1	1	0.917	1	1	0.805	0.997	1	1	1	1	1	1	1	1	1	1
V$LXR_Q3	69	0.667	1	0.992	0.936	0.999	1	0.986	1	0.992	1	0.999	1	1	0.999	1	1	1	1
V$LYF1_01	213	0.985	0.953	0.98	1	0.983	1	0.997	0.97	0.997	0.995	0.999	0.999	1	0.997	0.971	1	1	1
V$MAF_Q6	205	0.796	1	0.993	0.999	0.999	0.984	1	0.998	1	0.998	1	1	1	1	0.995	1	1	1
V$MAX_01	213	0.908	1	1	0.832	0.999	0.999	0.994	0.994	0.996	1	0.995	0.998	1	0.979	1	1	0.982	1
V$MAZ_Q6	157	0.817	0.988	0.996	1	1	0.996	0.994	0.382	1	1	1	1	0.999	0.999	0.988	1	1	1
V$MAZR_01	175	0.999	1	0.969	1	1	1	0.984	0.976	0.991	1	0.992	0.977	1	1	0.902	1	1	0.894
V$MEF2_01	116	0.957	0.988	0.26	0.991	0.337	1	0.724	0.311	1	0.761	0.671	0.985	1	1	0.981	1	0.851	0.818
V$MEF2_02	174	0.993	0.957	0.254	0.944	0.91	0.961	0.778	0.196	0.909	0.82	0.464	0.931	1	1	0.838	1	0.966	0.944
V$MEF2_03	188	0.986	0.97	0.26	1	0.976	0.999	0.917	0.147	0.887	0.796	0.738	0.961	1	1	0.896	1	0.965	0.997
V$MEF2_04	21	1	0.996	0.998	1	0.979	0.999	0.997	0.914	1	0.977	0.975	0.957	1	0.993	1	0.996	1	0.962
V$MEF2_Q6_01	190	0.992	1	0.305	0.999	0.745	0.999	0.962	0.284	0.971	0.778	0.675	0.989	1	1	0.987	1	0.972	0.997
V$MEIS1_01	181	0.97	0.993	0.984	1	0.995	1	0.994	0.761	1	0.965	0.961	0.997	1	1	0.998	1	0.975	1
V$MEIS1AHOXA9_01	87	0.999	1	0.99	1	0.999	1	1	0.811	0.997	0.999	0.999	0.999	0.985	1	1	1	1	1
V$MEIS1BHOXA9_01	113	0.995	1	0.992	0.973	1	1	1	0.991	1	0.998	0.998	0.989	1	1	1	1	1	1
V$MIF1_01	130	0.999	0.961	0.761	1	1	1	0.999	0.864	0.829	1	0.623	0.997	0.999	1	0.939	1	0.976	0.999
V$MMEF2_Q6	214	0.985	1	0.823	1	1	1	0.998	0.936	0.996	0.969	0.754	0.997	1	1	0.987	1	0.977	0.961
V$MSX1_01	136	1	1	0.969	1	0.997	1	1	0.972	1	0.991	0.999	0.997	1	1	1	1	1	1
V$MTF1_Q4	196	0.973	1	0.965	1	0.963	1	1	0.977	1	0.965	1	1	1	1	0.997	1	1	1
V$MYB_Q3	193	0.997	1	0.998	1	1	0.999	1	0.96	1	1	0.999	1	1	1	0.996	1	1	1
V$MYB_Q5_01	210	0.805	1	0.967	1	1	0.999	1	0.984	1	0.998	1	0.997	0.994	0.999	0.987	1	1	1
V$MYB_Q6	196	0.992	0.953	0.884	0.999	0.981	0.999	1	0.775	0.865	0.982	0.952	0.997	0.999	1	0.834	0.886	0.997	1
V$MYC_Q2	143	0.6	1	1	0.886	0.999	0.963	0.891	1	1	1	0.926	0.998	0.971	0.993	1	1	0.937	1
V$MYCMAX_01	209	0.979	1	0.984	0.69	0.754	0.997	0.873	0.894	1	1	0.723	0.971	1	0.135	1	0.999	0.66	1
V$MYCMAX_02	208	0.984	1	1	0.967	1	0.999	0.997	1	1	1	0.95	1	1	0.976	1	1	0.995	1
V$MYCMAX_03	202	0.934	1	0.999	0.797	1	1	0.994	0.999	1	1	1	1	1	0.923	0.999	0.997	1	1
V$MYCMAX_B	209	0.997	1	0.998	0.921	0.999	1	0.956	0.999	1	1	1	0.999	1	0.919	0.998	0.998	0.992	1
V$MYOD_01	202	0.997	1	0.98	1	0.999	1	1	0.965	0.996	0.995	0.999	0.999	1	1	0.982	1	1	1
V$MYOD_Q6	189	1	1	0.998	1	1	1	1	0.997	1	0.999	0.992	0.999	1	1	0.998	1	1	1
V$MYOD_Q6_01	202	1	0.879	0.96	1	1	1	1	0.81	1	0.998	1	0.997	1	1	0.968	1	1	1
V$MYOGENIN_Q6	196	0.94	0.988	0.996	0.942	0.997	0.999	0.986	0.762	0.991	0.998	0.985	0.885	1	0.99	0.964	1	1	0.975
V$MYOGNF1_01	32	0.997	0.999	0.526	0.684	0.714	1	1	0.176	0.51	0.917	1	1	0.999	1	0.987	1	1	1
V$MZF1_01	178	0.984	0.993	0.796	1	0.994	1	1	0.834	0.997	0.998	1	1	1	1	0.988	1	1	1
V$MZF1_02	183	0.949	0.988	0.859	1	0.997	1	0.998	0.77	1	0.992	0.999	0.999	0.999	1	0.993	1	1	0.982
V$NCX_01	139	0.972	1	0.879	0.999	0.998	1	1	0.766	0.997	1	0.99	1	1	1	0.989	1	1	0.937
V$NERF_Q2	202	0.463	0.947	0.984	1	1	1	0.979	0.759	1	1	1	0.997	1	1	1	1	1	1
V$NF1_Q6	187	0.997	1	0.969	0.999	0.976	1	1	0.714	1	0.973	0.989	0.992	1	1	0.954	1	1	1
V$NF1_Q6_01	183	0.965	1	0.98	1	0.946	1	0.996	0.842	0.996	0.949	0.9	0.997	1	1	0.996	1	1	1
V$NFAT_Q4_01	205	0.875	0.966	0.878	1	0.827	1	1	0.819	0.996	0.926	0.977	0.929	0.999	1	0.987	1	1	1
V$NFAT_Q6	190	0.984	0.952	0.878	1	0.823	1	0.999	0.476	0.987	0.897	1	0.999	1	1	1	1	1	1
V$NFE2_01	221	0.983	1	1	1	1	1	1	0.999	1	0.984	1	1	1	0.986	0.985	1	1	1
V$NFKAPPAB_01	204	0.938	1	0.996	0.996	0.997	1	0.994	0.991	1	0.99	0.976	1	1	0.982	1	1	0.999	1
V$NFKAPPAB65_01	186	0.847	0.997	0.997	0.99	0.999	1	0.983	0.88	1	1	0.99	1	1	0.937	1	1	0.999	1
V$NFKB_C	208	0.98	0.999	0.958	1	0.998	1	1	0.918	1	0.969	1	1	1	0.992	0.998	1	1	1
V$NFKB_Q6	205	0.819	0.993	0.96	0.999	0.913	1	1	0.968	1	0.964	1	1	1	0.983	0.998	0.999	1	1
V$NFKB_Q6_01	180	0.857	1	0.984	0.999	0.984	0.999	0.997	0.983	1	0.993	0.995	1	1	1	1	1	1	1
V$NFMUE1_Q6	199	1	1	1	0.984	0.976	1	0.978	0.961	0.996	0.953	1	1	1	0.999	0.998	1	1	1
V$NFY_01	199	0.997	0.994	0.998	0.491	0.863	0.997	0.577	0.914	0.959	1	0.752	0.896	0.999	0.995	0.967	1	0.765	0.848
V$NFY_C	187	0.999	1	0.981	0.82	0.987	1	0.738	0.996	0.996	1	0.794	0.917	1	0.999	0.997	1	0.838	1
V$NFY_Q6	203	0.941	1	0.944	0.273	0.594	0.979	0.451	0.989	0.907	1	0.783	0.734	1	0.989	0.909	1	0.814	0.972
V$NFY_Q6_01	206	0.999	1	0.998	0.748	0.974	1	0.619	0.998	1	1	0.986	0.934	1	1	1	1	0.99	0.998
V$NGFIC_01	202	0.987	1	1	1	1	1	0.991	0.993	0.996	1	1	1	1	1	0.985	1	1	1
V$NKX22_01	142	0.961	0.983	0.938	0.93	0.939	1	0.997	0.337	0.996	0.964	0.282	0.934	1	0.994	0.691	1	0.825	0.928
V$NKX25_01	92	0.991	0.996	0.969	1	0.988	0.998	0.997	0.999	1	0.979	0.998	1	1	1	0.9	0.998	1	1
V$NKX25_02	195	0.997	1	0.94	1	0.55	1	0.927	0.645	0.989	0.754	0.998	0.98	1	0.999	0.987	1	0.994	1
V$NKX3A_01	164	0.948	0.944	0.867	0.998	0.943	1	0.92	0.854	0.994	0.933	0.669	0.965	0.999	1	0.976	0.996	0.932	0.954
V$NKX61_01	183	0.997	1	0.943	1	0.92	1	0.995	0.882	1	0.982	0.999	1	1	0.945	0.998	1	0.996	1
V$NKX62_Q2	177	0.997	0.945	0.897	0.997	0.626	0.998	0.982	0.53	0.99	0.823	0.992	0.931	0.999	1	0.985	1	1	0.961
V$NMYC_01	213	0.978	1	1	0.843	1	1	0.925	0.999	1	0.998	0.993	0.995	1	0.999	0.936	1	0.995	1
V$NRF1_Q6	193	1	1	0.966	0.687	0.932	1	0.938	1	0.996	1	1	0.997	1	1	1	1	0.999	1
V$NRF2_01	210	0.822	1	0.834	0.723	0.974	1	0.953	1	1	0.998	0.501	0.591	1	0.989	1	1	0.978	1
V$NRF2_Q4	205	1	1	0.992	1	1	1	0.977	0.998	1	1	1	0.999	1	1	0.984	1	1	1
V$NRSF_01	75	0.974	1	0.99	0.776	1	0.998	1	0.999	1	0.998	1	1	1	1	0.987	0.999	1	1
V$OCT_C	201	0.957	0.985	0.884	0.999	0.988	1	1	0.605	1	0.967	0.936	1	1	1	1	1	1	1
V$OCT_Q6	182	0.841	0.969	0.615	0.981	0.919	1	1	0.588	1	0.934	0.914	1	1	1	1	0.999	1	1
V$OCT1_01	196	0.961	0.946	0.658	0.964	0.768	0.999	0.999	0.195	0.996	0.865	0.82	0.994	0.834	1	0.993	0.999	0.979	0.814
V$OCT1_02	161	0.958	0.796	0.686	0.983	0.524	1	0.911	0.496	0.971	0.933	0.25	0.919	0.999	1	0.987	1	0.99	0.655
V$OCT1_03	176	0.559	0.966	0.669	0.977	0.675	1	0.911	0.18	0.929	0.923	0.253	0.957	0.973	0.979	0.994	1	0.972	0.771
V$OCT1_04	181	0.999	0.844	0.891	1	0.251	0.999	0.991	0.292	0.956	0.726	0.584	0.993	0.935	1	0.981	1	0.728	0.966
V$OCT1_05	202	0.941	0.969	0.662	0.99	0.189	0.999	0.934	0.417	1	0.788	0.963	0.997	1	1	1	0.987	0.988	0.946
V$OCT1_06	194	0.984	1	0.81	1	0.576	1	0.998	0.763	0.996	0.814	0.669	0.947	0.999	1	0.987	1	0.972	0.976
V$OCT1_07	115	0.995	0.667	0.724	1	0.927	1	0.869	0.385	0.989	0.988	0.788	0.994	0.876	1	0.968	1	0.931	0.957
V$OCT1_B	198	0.847	0.944	0.701	0.992	0.937	1	1	0.59	0.996	0.941	0.977	1	1	1	1	0.999	0.994	0.992
V$OCT1_Q5_01	193	0.823	0.948	0.588	0.966	0.854	1	1	0.537	1	0.919	0.838	1	1	1	1	1	1	1
V$OCT1_Q6	195	0.953	0.926	0.621	0.989	0.613	1	0.998	0.301	1	0.858	0.999	1	0.998	0.998	1	1	0.994	0.999
V$OLF1_01	198	1	0.997	0.504	1	0.984	1	1	0.489	1	0.966	0.999	1	1	1	0.971	1	1	0.986
V$OSF2_Q6	199	0.975	0.99	0.792	1	0.972	1	1	0.852	0.863	0.823	0.997	0.997	1	1	0.972	1	1	1
V$P300_01	202	0.932	0.837	0.99	0.999	0.997	1	1	0.751	0.994	0.966	0.994	0.999	1	0.992	0.602	1	1	1
V$P53_02	202	0.993	0.935	0.973	1	0.959	1	1	0.47	0.997	0.99	0.997	0.997	1	1	1	1	1	1
V$P53_DECAMER_Q2	196	0.965	0.997	0.96	0.997	0.887	1	1	0.893	1	0.992	0.999	1	1	1	1	1	1	1
V$PAX_Q6	190	0.955	0.898	0.969	0.996	0.969	1	1	0.81	1	0.973	0.941	0.999	1	1	0.987	1	1	1
V$PAX2_01	47	0.993	1	0.835	1	1	1	0.79	0.474	1	1	0.982	0.973	1	1	1	1	1	1
V$PAX2_02	204	0.902	0.796	0.89	0.978	0.166	0.985	0.996	0.368	0.768	0.812	0.484	0.984	0.998	1	0.904	1	0.992	0.972
V$PAX3_01	17	0.998	1	1	0.994	1	1	0.996	1	0.883	0.785	0.872	1	1	1	1	1	1	1
V$PAX3_B	74	0.822	1	0.928	0.991	0.998	1	1	0.938	1	1	0.999	1	1	0.992	1	1	1	1
V$PAX4_01	218	0.997	0.986	0.96	0.999	1	1	1	0.921	0.99	0.996	0.999	0.997	0.999	1	0.987	1	1	0.998
V$PAX4_02	182	0.99	0.988	0.961	0.999	0.422	0.999	0.928	0.228	0.978	0.869	0.983	0.872	0.999	0.99	0.969	1	0.692	0.989
V$PAX4_03	197	0.999	1	0.797	0.999	0.997	1	1	0.92	1	0.996	0.999	1	1	0.978	0.981	0.999	1	1
V$PAX4_04	173	0.935	0.934	0.826	0.996	0.439	1	0.964	0.11	0.968	0.875	0.907	0.906	1	1	0.997	1	1	0.961
V$PAX5_01	124	0.987	1	0.96	1	1	1	1	0.803	1	1	0.863	0.994	1	1	0.987	1	0.988	1
V$PAX5_02	15	0.826	0.997	1	0.959	1	0.939	1	0.976	1	1	1	1	1	1	0.998	1	1	1
V$PAX6_01	74	0.278	1	0.996	1	0.933	1	0.961	0.998	1	0.703	1	1	1	1	0.998	1	1	1
V$PAX8_01	31	0.957	0.953	0.972	1	1	0.999	0.939	0.886	0.994	1	0.741	0.997	0.967	0.967	0.983	1	0.738	0.842
V$PAX8_B	83	0.994	0.879	0.89	1	0.823	1	0.982	0.763	1	0.967	0.295	0.982	1	1	0.987	1	0.925	1
V$PBX1_01	197	0.995	1	0.979	0.997	1	1	0.997	0.953	0.997	0.908	0.976	1	0.999	1	0.987	1	0.998	1
V$PBX1_02	98	0.996	0.958	0.932	1	0.998	1	0.999	0.718	1	0.987	0.995	1	1	1	0.993	1	1	1
V$PEA3_Q6	204	0.111	1	1	1	1	1	0.975	0.979	1	1	1	0.984	1	1	1	0.999	0.999	1
V$PIT1_Q6	174	0.999	1	0.924	1	0.649	0.991	0.986	0.642	1	0.797	0.562	0.997	0.999	1	0.972	1	0.916	0.998
V$PITX2_Q2	194	0.999	0.976	0.714	1	0.997	1	0.999	0.375	0.996	0.991	0.89	0.97	0.995	1	0.998	0.996	1	1
V$POU1F1_Q6	175	1	0.982	0.834	0.997	0.647	1	0.985	0.672	0.996	0.934	0.986	0.971	1	0.999	0.987	1	1	1
V$POU3F2_01	77	1	1	0.934	0.999	0.866	0.996	0.953	0.978	0.945	0.509	1	0.994	0.999	1	0.957	1	1	1
V$POU3F2_02	188	0.955	0.999	0.942	1	0.923	1	0.999	0.913	1	0.934	0.989	0.997	1	1	0.953	1	1	1
V$POU6F1_01	180	0.995	0.996	0.787	1	0.523	0.999	0.856	0.702	0.994	0.933	0.887	0.977	0.999	1	0.964	1	0.987	0.988
V$PPAR_DR1_Q2	209	0.999	0.869	0.866	0.999	1	1	0.998	0.871	0.995	1	0.999	0.994	1	0.999	0.788	1	1	1
V$PPARA_01	31	1	0.841	0.913	0.945	1	0.999	1	0.861	1	0.982	0.994	1	1	1	0.842	1	1	1
V$PPARA_02	103	0.999	0.999	0.998	1	1	0.994	0.901	0.999	1	0.998	1	1	1	0.976	0.896	1	1	1
V$PPARG_01	38	1	0.983	0.875	0.95	1	1	1	0.998	1	1	1	0.992	1	1	1	1	0.999	1
V$PR_01	103	0.991	1	0.99	1	0.987	0.768	1	0.98	0.999	0.964	0.985	0.997	1	0.994	0.939	1	1	0.951
V$PR_02	108	0.984	1	0.943	1	0.7	0.957	1	0.871	0.901	0.902	0.98	0.981	1	1	0.523	1	0.996	0.973
V$PR_Q2	193	0.937	0.998	0.967	0.998	0.687	1	0.986	0.78	1	0.959	0.999	0.997	1	1	0.924	0.936	0.998	1
V$PTF1BETA_Q6	199	0.999	0.996	0.858	1	1	1	1	0.661	0.99	0.964	0.669	0.993	1	1	1	1	1	1
V$PU1_Q6	180	0.773	1	0.999	0.999	1	1	0.858	0.999	1	1	0.987	0.992	1	1	1	1	1	1
V$PXR_Q2	208	0.955	0.995	0.916	1	0.972	1	0.999	0.25	0.998	0.987	0.975	1	1	0.978	0.987	1	0.998	1
V$RFX1_01	180	0.995	0.941	0.44	1	0.994	1	0.982	0.647	0.565	0.99	0.619	0.997	0.999	1	0.987	1	0.993	0.961
V$RFX1_02	204	0.999	0.953	0.787	0.994	0.999	1	0.88	0.869	1	0.973	0.324	0.997	0.999	0.997	0.52	1	0.993	0.96
V$ROAZ_01	7	1	1	0.93	1	1	1	1	1	0.939	1	1	0.93	1	NA	0.993	1	0.949	1
V$RORA1_01	183	0.995	0.993	0.984	1	0.999	0.999	0.996	0.852	0.984	0.964	1	1	0.999	1	0.973	1	1	1
V$RORA2_01	121	0.999	0.884	0.79	0.979	0.741	1	0.871	0.402	0.914	0.904	0.438	0.985	0.999	1	0.77	1	0.997	0.907
V$RP58_01	164	0.711	0.751	0.407	1	0.424	1	0.953	0.313	0.974	0.909	1	0.849	1	1	0.657	1	0.976	0.997
V$RREB1_01	155	0.996	1	0.953	1	0.998	0.996	1	0.889	0.996	0.982	1	1	1	0.994	0.901	1	1	1
V$RSRFC4_01	194	0.995	0.865	0.384	1	0.996	0.989	0.76	0.383	0.848	0.964	0.492	0.934	1	1	0.96	1	0.972	0.922
V$RSRFC4_Q2	166	0.991	0.77	0.164	0.999	0.822	0.991	0.709	0.286	0.893	0.889	0.243	0.769	1	1	0.891	1	0.794	0.355
V$S8_01	190	0.993	0.981	0.883	1	0.309	1	0.925	0.132	0.995	0.769	0.765	0.934	0.973	1	0.731	1	0.945	1
V$SEF1_C	5	1	1	0.669	1	1	0.785	0.995	0.747	1	0.998	1	0.948	1	1	0.971	1	1	1
V$SF1_Q6	201	1	1	0.996	0.994	1	0.997	0.905	1	1	1	1	1	1	1	0.981	1	1	1
V$SMAD_Q6	192	0.964	1	0.906	1	0.999	0.999	1	0.851	1	0.999	1	1	1	1	1	1	1	1
V$SMAD3_Q6	185	0.992	0.988	0.595	1	0.8	1	0.998	0.411	0.997	0.986	0.85	0.993	1	1	0.829	1	0.999	0.893
V$SMAD4_Q6	182	1	0.993	0.932	1	0.922	1	1	0.59	0.979	0.965	0.999	0.997	1	1	1	1	1	1
V$SOX5_01	215	0.961	0.988	0.875	0.999	0.997	1	0.916	0.153	0.96	0.973	0.882	0.961	0.926	1	0.987	1	0.977	0.951
V$SOX9_B1	195	0.916	0.92	0.96	1	0.996	1	0.985	0.671	1	1	0.998	0.997	0.999	1	1	1	1	1
V$SP1_01	188	0.999	0.975	1	1	1	0.999	1	0.834	0.983	1	0.812	0.986	1	0.96	0.985	1	1	1
V$SP1_Q2_01	203	0.999	0.999	0.99	1	1	0.999	0.962	0.855	1	1	0.998	0.997	1	1	0.987	1	1	1
V$SP1_Q4_01	203	0.994	1	1	0.996	1	1	0.88	0.999	1	1	1	1	1	1	0.989	1	1	1
V$SP1_Q6	205	0.984	1	1	0.99	1	1	0.961	0.998	1	1	1	1	1	1	0.972	0.999	1	1
V$SP1_Q6_01	184	0.997	1	1	0.999	1	1	0.698	0.991	1	1	1	1	1	1	0.987	1	1	1
V$SP3_Q3	184	0.983	1	0.996	1	1	1	0.956	0.848	1	0.998	0.999	1	1	1	0.987	1	0.991	1
V$SPZ1_01	183	0.996	1	0.939	0.99	1	0.999	0.998	0.978	1	0.944	1	0.997	1	0.97	0.998	1	1	1
V$SREBP_Q3	198	0.999	0.993	0.931	1	0.996	0.999	1	0.922	1	0.982	0.999	0.997	1	1	0.987	1	1	0.998
V$SREBP1_01	137	0.975	1	1	0.869	1	1	0.968	0.999	0.979	1	1	0.999	1	1	1	1	1	1
V$SREBP1_02	69	0.995	1	0.247	1	1	1	0.956	0.854	1	1	1	1	1	0.998	1	1	1	1
V$SREBP1_Q6	200	1	0.838	0.784	0.964	0.994	1	0.999	0.649	1	0.998	0.999	0.997	1	0.98	0.809	1	1	0.922
V$SRF_01	43	0.799	0.144	0.779	0.943	0.091	1	0.971	0.219	0.991	0.993	0.78	0.288	0.979	1	0.813	1	1	0.206
V$SRF_C	174	0.789	0.418	0.716	0.998	0.184	0.999	0.996	0.079	0.984	0.982	0.922	0.808	0.99	1	0.975	1	1	0.915
V$SRF_Q4	188	0.868	0.446	0.774	0.996	0.145	1	0.985	0.009	0.971	0.871	0.955	0.937	1	1	0.971	1	1	0.919
V$SRF_Q5_01	178	0.908	0.456	0.899	0.994	0.138	0.999	0.988	0.036	0.989	0.946	0.841	0.663	0.998	0.999	0.928	1	1	0.424
V$SRF_Q6	198	0.861	0.336	0.669	0.966	0.069	0.999	0.998	0.061	0.969	0.908	0.892	0.724	0.998	0.999	0.918	1	1	0.841
V$SRY_01	172	0.882	0.66	0.724	0.99	0.865	0.961	0.988	0.12	0.657	0.909	0.593	0.711	0.752	1	0.69	1	1	0.884
V$SRY_02	204	0.927	0.7	0.801	1	0.812	1	0.943	0.363	0.994	0.988	0.976	0.973	0.985	1	0.987	1	0.976	0.999
V$STAT_01	189	0.975	0.993	0.977	1	0.997	0.999	1	0.784	1	0.941	1	1	0.999	1	0.998	1	1	1
V$STAT_Q6	203	0.982	1	0.996	1	0.998	1	1	0.943	0.996	0.953	0.999	1	1	1	0.996	1	1	1
V$STAT1_01	48	1	1	0.997	0.999	0.995	1	1	0.988	0.254	0.956	0.863	1	1	1	0.421	1	1	1
V$STAT1_02	198	1	1	0.924	0.943	1	1	0.985	1	1	1	0.987	1	1	1	0.998	1	1	1
V$STAT1_03	196	0.997	1	0.974	0.987	1	1	0.986	1	1	0.995	0.982	1	1	1	0.998	1	0.997	1
V$STAT3_01	16	0.5	0.391	1	1	0.6	1	1	0.409	1	1	0.999	0.99	1	0.999	0.985	1	1	1
V$STAT3_02	118	0.822	1	0.973	1	0.981	1	1	0.977	1	0.991	0.999	1	1	1	0.985	1	1	1
V$STAT4_01	196	0.574	0.969	0.953	1	0.83	1	0.953	0.381	0.989	0.964	0.976	0.959	0.999	1	0.954	1	0.996	0.986
V$STAT5A_01	199	0.817	0.981	0.908	1	0.923	0.999	1	0.611	0.994	0.941	1	0.997	0.99	1	0.917	1	1	1
V$STAT5A_02	115	0.781	1	0.761	1	0.966	0.989	0.997	0.277	0.946	0.982	0.777	0.997	1	1	0.927	1	0.99	0.989
V$STAT5A_03	210	0.997	0.997	0.879	1	0.83	1	1	0.415	0.979	0.946	0.999	0.999	1	1	0.942	0.998	1	1
V$STAT5A_04	162	0.985	0.999	0.992	1	0.999	0.999	0.991	0.938	0.995	0.998	0.737	0.997	1	1	0.987	1	0.99	1
V$STAT5B_01	201	0.654	0.953	0.954	1	0.772	1	0.999	0.435	0.992	0.866	0.999	0.999	0.99	1	0.865	1	1	1
V$STAT6_01	206	0.997	1	0.972	0.996	0.995	0.999	1	0.749	0.997	0.964	0.999	0.999	1	0.992	0.911	1	1	1
V$STAT6_02	191	0.682	0.863	0.978	1	0.515	0.968	0.999	0.659	0.979	0.979	0.999	1	0.999	1	0.987	1	1	0.972
V$T3R_Q6	189	0.999	0.999	0.979	0.998	1	0.998	1	0.936	0.997	0.995	0.88	0.997	1	0.915	0.972	1	1	0.996
V$TAL1ALPHAE47_01	187	0.978	0.999	0.635	0.997	0.868	0.999	0.892	0.645	0.978	0.973	0.953	0.948	0.507	1	0.902	1	0.979	0.999
V$TAL1BETAE47_01	189	0.996	1	0.506	0.968	0.967	0.991	0.893	0.575	0.996	0.933	0.949	0.955	0.863	1	0.896	1	1	0.986
V$TAL1BETAITF2_01	184	0.987	1	0.501	0.992	0.923	0.999	0.917	0.64	0.996	0.911	0.988	0.977	0.99	1	0.946	1	1	0.965
V$TATA_01	206	0.931	1	0.96	1	0.969	1	1	0.99	1	0.973	0.999	0.999	1	0.999	0.998	1	1	1
V$TATA_C	227	0.978	0.988	0.921	1	0.519	1	1	0.801	1	0.969	0.807	0.989	1	0.992	0.842	1	1	1
V$TAXCREB_01	108	0.63	0.646	0.992	0.998	0.999	1	1	0.938	1	0.991	0.993	1	1	0.999	1	1	1	1
V$TAXCREB_02	22	1	1	0.994	1	1	0.945	1	0.952	1	1	0.907	1	1	1	1	1	1	1
V$TBP_01	182	0.984	0.993	0.648	0.985	0.54	0.978	0.998	0.346	0.997	0.972	0.68	0.982	1	1	0.998	1	0.998	0.994
V$TCF11_01	188	0.978	1	0.942	1	0.966	0.999	0.996	0.628	1	0.812	0.671	0.982	0.999	1	0.996	1	0.958	1
V$TCF11MAFG_01	158	0.986	1	1	0.994	1	1	1	0.999	1	0.998	1	0.998	1	0.999	1	0.705	1	1
V$TCF1P_Q6	206	0.994	1	1	0.999	1	1	0.994	0.937	0.987	1	1	1	1	1	1	1	1	1
V$TCF4_Q5	179	0.972	0.828	0.953	0.999	0.999	0.957	0.991	0.268	0.996	0.986	0.96	0.934	1	0.989	1	1	0.999	1
V$TEF_Q6	195	0.993	0.941	0.677	1	0.808	1	0.999	0.661	0.994	0.991	0.999	0.994	0.999	1	0.973	1	0.977	0.96
V$TEF1_Q6	176	0.949	0.91	0.939	0.987	0.995	1	1	0.4	0.996	0.998	1	0.997	0.998	1	1	1	1	1
V$TEL2_Q6	186	0.45	1	0.579	0.894	1	1	0.945	1	1	1	0.837	0.482	1	0.985	1	1	0.991	1
V$TFIIA_Q6	203	0.877	0.589	0.745	1	0.658	1	1	0.659	0.997	0.954	0.999	0.997	1	1	0.978	1	1	1
V$TFIII_Q6	158	0.984	1	1	1	0.946	1	0.972	0.812	0.992	0.814	0.935	0.982	0.998	1	0.898	1	1	1
V$TGIF_01	200	0.984	1	1	0.994	1	0.995	0.995	0.998	1	0.979	1	0.997	1	1	1	1	1	1
V$TITF1_Q3	181	0.994	0.998	0.591	0.999	0.966	1	0.999	0.329	0.996	0.995	0.989	1	1	1	0.883	1	0.961	0.999
V$TST1_01	197	0.995	0.941	0.939	1	0.966	0.999	0.958	0.506	0.996	0.991	0.989	0.997	1	1	1	1	1	1
V$TTF1_Q6	203	1	0.927	0.943	1	0.984	0.999	1	0.772	0.997	0.995	0.994	0.98	1	1	0.965	1	1	0.987
V$USF_01	205	0.925	1	0.998	0.809	1	1	0.973	0.999	1	1	1	1	1	0.802	0.998	0.996	1	1
V$USF_02	221	0.96	0.973	0.998	0.987	1	0.999	1	0.977	0.987	0.998	0.864	1	1	0.954	0.957	0.994	1	1
V$USF_C	216	0.995	1	0.998	0.864	1	1	0.886	0.999	1	0.969	0.927	0.988	1	0.993	0.972	1	0.988	1
V$USF_Q6	213	0.943	1	1	0.971	1	0.999	1	0.999	0.845	1	0.993	1	1	1	0.965	1	1	1
V$USF_Q6_01	194	0.991	1	1	0.99	1	0.968	0.997	0.999	0.97	1	0.998	1	1	0.973	0.987	0.996	1	1
V$USF2_Q6	196	0.58	1	1	0.984	1	1	0.97	0.999	1	0.998	1	1	1	0.999	0.993	1	0.984	1
V$VDR_Q3	176	1	0.992	0.654	1	0.999	1	1	0.929	0.997	0.991	0.999	0.973	1	1	0.998	1	1	1
V$VDR_Q6	208	0.994	0.981	1	0.982	0.988	1	1	0.984	1	0.988	0.994	0.997	1	1	0.881	1	1	1
V$WHN_B	191	0.884	1	0.99	0.999	1	1	1	0.998	1	0.979	0.963	0.997	1	0.999	0.988	1	1	1
V$XBP1_01	110	1	1	0.99	0.999	1	0.991	1	0.59	1	0.996	0.999	0.997	1	1	1	0.997	1	1
V$YY1_01	198	0.975	1	1	0.967	1	1	0.999	0.923	1	0.923	0.954	1	0.999	1	0.972	1	1	1
V$YY1_02	201	0.999	1	1	0.951	1	1	1	0.918	1	1	0.998	1	1	1	1	1	1	1
V$YY1_Q6	199	1	1	1	0.978	0.944	0.986	0.973	0.984	0.996	1	1	0.997	1	0.997	1	1	1	1
V$ZF5_01	188	0.991	1	0.999	0.995	1	1	0.956	0.999	0.994	1	1	0.997	1	1	1	1	1	1
V$ZF5_B	190	0.999	1	1	0.999	1	1	0.962	1	1	1	1	1	1	1	0.989	1	1	1
V$ZIC1_01	204	0.996	0.97	0.998	1	1	1	0.962	0.979	0.996	0.979	1	0.997	1	0.992	0.987	1	1	1
V$ZIC2_01	196	0.993	1	0.984	0.999	1	1	0.9	0.993	1	0.995	1	1	1	1	0.987	1	1	1
V$ZIC3_01	208	0.99	0.996	0.948	0.996	0.994	1	0.997	0.718	0.997	0.979	1	1	1	1	0.989	1	1	1
V$ZID_01	204	0.997	0.997	1	1	0.999	0.985	1	0.849	1	0.994	0.998	0.999	1	1	0.996	1	1	1
WCAANNNYCAG_UNKNOWN	188	0.999	1	0.989	0.999	1	1	0.986	0.997	1	0.998	0.937	1	1	1	0.968	1	1	1
WCTCNATGGY_UNKNOWN	57	0.997	1	1	0.996	1	1	0.997	0.939	1	0.995	0.796	0.997	1	1	1	1	1	1
WGGAATGY_V$TEF1_Q6	295	0.932	0.983	0.878	0.999	0.958	1	1	0.298	0.979	0.982	0.999	0.997	1	1	0.994	1	1	0.999
WGTTNNNNNAAA_UNKNOWN	425	0.876	0.988	0.942	1	0.969	0.999	0.997	0.677	0.99	0.99	0.994	0.991	0.999	0.992	0.964	1	0.984	1
WTGAAAT_UNKNOWN	455	0.923	0.981	0.953	0.999	0.966	0.999	0.991	0.775	0.979	0.972	0.971	0.975	0.998	1	0.968	1	0.999	1
WTTGKCTG_UNKNOWN	386	0.984	0.523	0.989	0.999	0.983	1	1	0.708	0.985	0.99	0.986	0.997	0.99	1	0.987	1	1	0.985
WWTAAGGC_UNKNOWN	112	0.991	0.926	1	1	0.793	1	1	0.459	1	0.998	1	0.997	1	1	0.998	1	1	1
WYAAANNRNNNGCG_UNKNOWN	51	0.624	1	0.871	1	0.969	0.995	1	0.988	1	1	0.999	1	1	1	1	1	0.998	1
YAATNANRNNNCAG_UNKNOWN	49	0.984	1	0.968	0.928	1	1	0.991	0.984	1	1	0.999	0.999	1	1	1	1	1	1
YAATNRNNNYNATT_UNKNOWN	83	0.99	0.993	0.76	0.994	0.419	0.976	0.974	0.192	0.893	0.903	0.786	0.993	0.824	0.899	0.987	1	0.998	0.986
YATGNWAAT_V$OCT_C	268	0.961	0.993	0.842	0.997	0.942	1	1	0.41	1	0.909	0.958	0.996	1	1	0.987	0.999	1	0.982
YATTNATC_UNKNOWN	276	0.973	0.988	0.365	0.975	0.796	1	0.957	0.431	0.992	0.808	0.629	0.981	1	1	0.971	1	1	1
YCATTAA_UNKNOWN	419	0.985	0.988	0.905	0.997	0.937	0.995	0.996	0.638	0.997	0.982	0.844	0.997	1	1	0.988	1	1	1
YGACNNYACAR_UNKNOWN	69	0.857	1	0.989	0.999	1	0.968	1	0.993	0.983	0.998	0.994	1	1	1	0.981	1	1	1
YGCANTGCR_UNKNOWN	104	1	1	1	1	1	1	1	1	0.996	0.996	0.96	1	1	1	0.996	1	1	1
YGCGYRCGC_UNKNOWN	247	1	1	0.988	0.758	0.999	1	0.986	0.999	1	1	1	1	1	0.951	1	1	0.999	0.997
YGTCCTTGR_UNKNOWN	73	0.957	1	0.985	0.999	0.924	1	1	0.985	0.997	0.847	1	0.982	1	1	1	1	1	1
YKACATTT_UNKNOWN	206	0.966	0.982	0.931	1	0.527	0.968	0.941	0.38	0.971	0.847	0.931	0.966	0.973	0.991	0.959	1	1	0.996
YNGTTNNNATT_UNKNOWN	290	0.917	0.982	0.966	0.995	0.865	1	1	0.656	0.996	0.982	0.999	0.999	1	1	0.998	1	1	1
YNTTTNNNANGCARM_UNKNOWN	52	0.843	0.969	0.274	0.919	0.393	1	0.827	0.517	1	0.987	0.059	0.994	1	1	0.998	1	0.994	0.93
YRCCAKNNGNCGC_UNKNOWN	55	1	1	0.996	0.978	1	1	0.997	0.772	1	0.996	0.899	1	1	0.996	0.971	1	1	1
YRTCANNRCGC_UNKNOWN	51	0.951	1	0.996	0.929	1	1	1	0.99	0.997	1	0.999	0.999	1	1	1	1	1	1
YTAATTAA_V$LHX3_01	143	0.999	0.997	0.848	1	0.69	1	0.971	0.259	0.997	0.832	0.999	0.879	1	1	0.989	1	0.67	1
YTAAYNGCT_UNKNOWN	119	0.965	0.993	0.974	0.999	0.997	1	0.977	0.891	0.996	0.99	0.994	0.997	1	1	0.981	1	0.984	0.989
YTATTTTNR_V$MEF2_02	533	0.957	0.997	0.747	0.999	0.888	1	0.971	0.365	0.976	0.902	0.879	0.989	1	1	0.987	1	0.972	0.979
YTCCCRNNAGGY_UNKNOWN	54	1	1	1	0.8	1	1	0.987	0.999	0.937	1	1	1	1	1	1	1	1	1
YTTCCNNNGGAMR_UNKNOWN	39	0.999	1	0.979	0.932	1	0.988	1	0.797	0.89	0.991	1	1	0.697	1	0.987	1	1	1
YWATTWNNRGCT_UNKNOWN	50	0.997	0.849	0.963	1	1	1	0.991	0.862	0.995	0.971	0.99	1	1	1	0.996	1	0.976	1
YYCATTCAWW_UNKNOWN	157	0.94	1	0.984	0.99	1	1	1	0.99	0.996	1	1	1	1	0.992	1	0.999	0.978	1
